-0.016667,53.3667,6.0
-0.083333,50.9167,-1.0
-0.083333,51.2667,0.0
-0.1,51.5333,1.0
-0.116667,51.5,0.0
-0.163369,51.4733,0.0
-0.183333,51.55,-6.0
-0.216667,5.55,-1.0
-0.216667,51.5167,0.0
-0.216667,51.55,-1.0
-0.25,51.8333,-1.0
-0.25,53.1667,-4.0
-0.316667,51.4333,2.0
-0.45,51.4667,-1.0
-0.6,51.5,1.0
-0.65,50.7833,-4.0
-0.716667,53.7667,-2.0
-0.75,51.75,-3.0
-1.0,53.1667,-3.0
-1.13333,52.6333,2.0
-1.15,51.9,0.0
-1.34804,5.08981,2.0
-1.36667,51.85,-4.0
-1.45,53.8833,2.0
-1.5,54.0,-1.0
-1.53333,53.7833,-4.0
-1.56667,53.5333,-3.0
-1.7,54.9667,0.0
-1.71667,51.8,-1.0
-1.78333,51.7,3.0
-1.91667,52.4167,-10.0
-1.93333,52.3,-1.0
-1.95,53.8833,-1.0
-10.0,11.0,0.0
-10.6308,6.45222,2.0
-10.8172,6.87083,0.0
-100.302,34.0123,0.0
-100.45,20.5333,1.0
-101.267,52.1,-4.0
-101.383,54.05,1.0
-101.831,35.222,0.0
-101.975,32.3054,0.0
-104.985,39.7392,-2.0
-105.327,39.0646,0.0
-105.57,41.3066,-10.0
-106.289,39.3855,6.0
-107.202,38.8576,0.0
-107.4,24.3333,-1.0
-107.817,37.2833,-1.0
-108.38,43.025,-2.0
-108.5,59.55,-1.0
-11.5,8.5,-3.0
-110.326,46.9048,1.0
-110.926,32.2217,0.0
-111.346,54.6394,0.0
-111.849,40.7649,-6.0
-111.905,40.3491,-6.0
-111.984,33.3417,0.0
-112.074,33.4484,-1.0
-114.241,37.943,1.0
-114.512,37.615,-4.0
-115.767,49.5167,1.0
-116.203,43.6135,0.0
-117.017,32.5333,0.0
-117.084,32.6401,-9.0
-117.283,56.2333,-1.0
-117.29,34.1083,0.0
-117.358,47.8896,-1.0
-117.381,34.405,-4.0
-117.929,33.6189,1.0
-118.05,34.1456,-4.0
-118.362,34.09,-4.0
-118.4,34.0736,-1.0
-118.47,34.0188,0.0
-118.623,34.4889,-4.0
-118.834,37.3113,-1.0
-119.008,35.2644,4.0
-119.418,34.3444,0.0
-119.483,49.9,0.0
-119.568,37.8499,-3.0
-120.233,55.7667,4.0
-121.696,37.9319,5.0
-121.818,47.4665,-1.0
-122.143,37.4419,2.0
-122.166,37.4241,0.0
-122.266,47.384,0.0
-122.273,37.8716,-3.0
-122.31,48.4374,0.0
-122.448,38.3794,1.0
-122.486,47.4734,-7.0
-122.633,53.5167,3.0
-122.676,45.5235,0.0
-122.804,45.4871,0.0
-123.7,48.9167,0.0
-124.218,43.3665,-2.0
-124.933,49.6833,0.0
-125.0,55.0,1.0
-125.233,50.1667,0.0
-125.833,49.6667,0.0
-130.033,58.45,1.0
-130.083,-25.0667,-5.0
-131.167,60.25,1.0
-134.506,58.2706,0.0
-157.696,21.2717,2.0
-157.958,-9.00833,0.0
-171.774,-13.8284,1.0
-172.264,-13.7465,-4.0
-175.0,-20.0,0.0
-175.333,-21.0833,0.0
-2.0,54.0,0.0
-2.0,8.0,0.0
-2.13333,52.4667,-1.0
-2.16667,51.8333,2.0
-2.21667,53.5,0.0
-2.25,52.3833,-1.0
-2.41667,53.5167,1.0
-2.61667,59.15,0.0
-2.71444,51.1467,2.0
-2.75,53.3333,2.0
-2.77028,51.4844,0.0
-2.83333,54.5833,-2.0
-2.93333,50.7333,0.0
-2.93333,55.5667,-6.0
-2.96778,51.3458,3.0
-3.0,53.6667,-3.0
-3.08333,53.3333,-1.0
-3.08333,53.4,-7.0
-3.15,55.8667,0.0
-3.16667,52.65,-1.0
-3.28333,56.5667,2.0
-3.31667,52.6667,0.0
-3.38333,56.45,3.0
-3.41667,56.25,0.0
-3.6,54.55,2.0
-3.68333,40.4,-2.0
-3.83333,57.2,0.0
-3.91667,52.8333,-2.0
-3.91667,56.25,1.0
-34.8333,-7.95,-5.0
-4.0,40.0,0.0
-4.0,56.5,0.0
-4.08333,57.4667,-4.0
-4.11667,56.0833,0.0
-4.21667,55.8833,0.0
-4.25,55.8333,0.0
-4.48333,54.15,0.0
-4.53333,57.55,0.0
-4.755,51.7172,-3.0
-41.2667,-16.0167,0.0
-43.05,-20.2833,0.0
-46.95,-22.5667,-1.0
-47.9167,-15.7833,1.0
-5.0,8.0,-4.0
-5.3667,36.1833,-2.0
-5.51667,57.2667,3.0
-5.6834,43.3129,-4.0
-5.88333,54.4,-2.0
-5.88333,56.4333,-5.0
-54.25,-4.81667,3.0
-55.3667,49.15,-3.0
-56.0,-33.0,0.0
-57.85,-51.7,0.0
-58.1667,6.8,-7.0
-58.5667,48.55,-6.0
-58.6725,-34.5875,0.0
-59.0,5.0,-1.0
-6.1,55.6333,4.0
-6.1375,53.4231,4.0
-6.24889,53.3331,0.0
-6.33917,53.2817,-5.0
-6.34778,53.7189,-13.0
-6.37556,53.3881,0.0
-6.4,56.5,2.0
-6.4575,52.3342,2.0
-6.5,54.5,0.0
-6.96667,54.25,0.0
-60.75,46.1,1.0
-61.8,17.05,-2.0
-61.8833,-14.1833,2.0
-63.4833,44.6167,3.0
-66.335,18.2766,-1.0
-66.9167,10.5,6.0
-67.0333,45.9167,3.0
-67.3103,44.5723,1.0
-7.23875,43.4875,0.0
-7.6725,4.58917,-1.0
-7.70667,53.3733,0.0
-7.83389,52.7947,2.0
-7.86667,53.6167,1.0
-70.1667,-43.6667,1.0
-71.0,-30.0,0.0
-71.0184,42.0834,2.0
-71.0598,42.3584,0.0
-71.3753,42.0132,0.0
-71.3923,41.8907,-1.0
-71.4328,41.9668,0.0
-71.5101,41.6772,2.0
-71.5653,43.4108,0.0
-72.05,61.8667,1.0
-72.6507,41.5623,-3.0
-72.7833,-8.96667,-3.0
-72.9973,40.7479,-8.0
-73.1761,44.0085,-4.0
-73.446,41.405,-3.0
-73.6,45.4833,0.0
-73.75,18.2,-10.0
-73.7649,41.1595,0.0
-73.7976,40.7498,0.0
-73.846,40.7567,-1.0
-73.9662,40.7834,0.0
-73.9875,40.7719,3.0
-73.994,40.5779,0.0
-74.0028,40.7339,0.0
-74.0921,40.3643,2.0
-74.336,41.1818,-2.0
-74.3838,40.7409,2.0
-74.399,40.4993,2.0
-74.3996,40.4334,-10.0
-74.4999,40.1671,0.0
-74.5729,39.9707,-4.0
-74.8029,39.8584,2.0
-75.1704,42.3442,0.0
-75.3471,39.4551,2.0
-75.423,39.9551,-10.0
-76.1141,42.6478,0.0
-76.2499,41.3754,-1.0
-76.2622,42.1034,4.0
-76.6122,39.2904,-3.0
-77.0003,38.889,0.0
-77.02,38.8912,6.0
-77.0422,38.899,0.0
-77.0869,38.9375,0.0
-77.1003,38.9807,4.0
-77.1964,38.8304,-1.0
-77.3833,17.9,-1.0
-77.45,46.0167,-1.0
-77.4603,37.5538,-4.0
-77.6664,40.2504,0.0
-78.2331,43.2506,-13.0
-78.4153,39.857,-1.0
-78.5781,42.709,0.0
-79.1661,40.5059,-6.0
-79.45,44.05,2.0
-79.4831,35.3002,0.0
-79.5333,8.96667,-5.0
-79.8431,35.6411,2.0
-8.79556,52.5619,3.0
-80.1434,26.1223,-3.0
-80.3442,27.5911,2.0
-80.5,19.5,-1.0
-80.5333,43.4667,-1.0
-80.6143,28.0878,-6.0
-80.6685,28.1367,-2.0
-80.8334,34.0476,-4.0
-80.8426,35.2454,-14.0
-80.9665,40.0004,-1.0
-81.0987,40.9339,6.0
-81.2081,29.0836,-3.0
-81.3069,28.7349,3.0
-81.379,34.0737,-6.0
-81.4123,34.1963,-4.0
-81.5826,28.4117,-1.0
-81.8723,26.6406,-6.0
-82.1635,39.5115,-3.0
-82.3535,36.3134,-2.0
-82.4665,39.5167,-2.0
-82.5825,27.765,0.0
-82.7088,35.9429,-13.0
-82.75,42.0333,5.0
-82.9814,37.6364,-7.0
-82.9988,39.9612,1.0
-83.1,42.1,-2.0
-83.5085,31.4505,2.0
-83.6487,32.9866,0.0
-83.8889,43.5945,6.0
-83.9677,39.2992,1.0
-84.216,35.919,3.0
-84.388,33.749,0.0
-84.4,43.65,2.0
-84.4569,39.162,0.0
-84.6514,37.669,0.0
-84.7502,34.8001,-5.0
-84.9666,34.8334,-10.0
-85.9666,37.7001,6.0
-86.235,39.7948,3.0
-86.355,33.2782,-7.0
-86.4436,36.9903,1.0
-86.5,15.0,0.0
-86.5489,37.5901,-15.0
-87.5336,35.1331,-7.0
-87.8501,41.8334,-5.0
-88.1473,41.7859,1.0
-88.2878,36.6142,0.0
-88.8853,30.396,-12.0
-89.2333,48.4,-1.0
-89.6812,32.7673,0.0
-9.06667,52.0667,0.0
-9.13333,38.7167,-1.0
-9.44361,52.9631,0.0
-9.64417,52.6792,1.0
-90.0751,29.9546,-3.0
-91.1545,30.4507,-1.0
-91.6441,42.0083,0.0
-91.8749,31.1801,-2.0
-91.9002,46.4333,-10.0
-92.2635,37.1306,-1.0
-92.302,38.4623,-2.0
-92.318,42.9653,-3.0
-93.0835,45.0333,1.0
-93.2982,37.2153,0.0
-93.5308,44.8622,4.0
-93.6091,41.6005,-1.0
-94.1502,31.8002,-2.0
-94.2508,40.7505,-1.0
-94.3877,40.6047,-2.0
-94.9153,39.3568,-3.0
-94.9225,39.3111,-2.0
-95.0,60.0,0.0
-95.2097,42.6411,-2.0
-95.327,29.7147,1.0
-95.4986,32.3768,-6.0
-95.5827,30.0102,0.0
-96.0009,45.5666,3.0
-96.8067,32.7831,-1.0
-96.9839,28.8253,2.0
-96.9942,33.0462,0.0
-97.1539,31.5216,3.0
-97.1667,49.8833,-2.0
-97.3208,32.7254,2.0
-97.4669,31.0502,-6.0
-97.4828,25.9079,-3.0
-97.6169,29.8336,-5.0
-97.9917,30.368,-6.0
-98.4934,33.9137,2.0
-98.4936,29.4241,-4.0
-99.0833,49.55,0.0
-99.15,19.35,6.0
-99.793,47.5362,-1.0
-99.7996,35.827,-2.0
-99.8281,28.6775,0.0
0.0,43.5,4.0
0.083333,52.3333,-7.0
0.116667,52.2,0.0
0.316667,51.6167,0.0
0.333333,50.9167,-7.0
0.35,52.3333,-2.0
0.366667,51.8833,3.0
0.386213,51.5057,2.0
0.5,45.0,0.0
0.509289,9.24231,0.0
0.566667,51.8833,-1.0
0.7,51.5333,2.0
0.834618,5.99547,2.0
1.10467,49.3779,-3.0
1.16667,51.7833,2.0
1.28333,52.6833,-7.0
1.3,51.95,2.0
1.4259,49.2689,2.0
1.48333,52.5333,-5.0
1.59545,49.515,1.0
1.68333,52.3333,0.0
10.1333,51.6,0.0
10.2333,43.8667,-2.0
10.5333,52.2667,-1.0
10.65,3.1,0.0
10.7833,48.4333,-1.0
100.0,15.0,-2.0
100.0,60.0,0.0
100.517,13.75,-1.0
101.156,4.3889,-4.0
101.25,3.35,-4.0
101.45,4.48333,2.0
101.75,2.6931,-1.0
103.8,1.3667,0.0
103.827,1.25,0.0
103.834,1.30583,0.0
103.942,1.32639,0.0
103.95,1.34917,4.0
104.521,11.4533,-1.0
104.73,31.8606,0.0
104.783,34.8,4.0
105.0,13.0,0.0
105.0,46.0,1.0
105.17,21.4067,0.0
105.27,30.1471,-4.0
105.334,11.9618,-4.0
105.917,10.25,0.0
106.283,17.6,4.0
106.317,20.9333,0.0
106.917,47.9167,0.0
108.25,4.0,-1.0
109.484,18.9394,3.0
109.5,19.0,-1.0
11.5,42.5,-2.0
110.212,27.6842,0.0
111.016,19.6537,0.0
111.061,-7.32306,-4.0
111.117,22.2,1.0
111.424,21.5977,-5.0
111.488,35.04,0.0
112.669,35.7142,-1.0
112.714,33.4474,0.0
113.033,3.16667,0.0
113.25,23.1167,1.0
113.783,3.81667,0.0
113.807,-23.0548,-3.0
113.898,-28.8972,-3.0
113.921,22.3079,6.0
114.167,22.25,0.0
114.3,-28.2167,1.0
114.644,-28.7519,1.0
114.667,4.5,1.0
114.75,-28.8667,-3.0
114.796,-22.5076,-2.0
114.919,-29.2835,2.0
114.937,-8.3259,-4.0
115.0,15.0,-1.0
115.038,-30.3059,0.0
115.136,-34.2744,-1.0
115.188,-34.1316,2.0
115.265,-8.5098,1.0
115.286,-29.2174,0.0
115.338,-29.6052,0.0
115.345,-33.6525,0.0
115.406,-20.7978,-2.0
115.477,-20.7269,6.0
115.483,-31.3667,-1.0
115.567,-28.5833,0.0
115.6,-30.3333,1.0
115.609,-31.2993,0.0
115.633,-30.5077,-3.0
115.667,-33.3417,-2.0
115.696,-33.3999,-4.0
115.716,-32.2677,2.0
115.722,-33.3172,0.0
115.739,-32.0528,1.0
115.744,-32.0581,7.0
115.749,-32.3361,-4.0
115.752,-31.8686,0.0
115.762,-31.7622,0.0
115.767,-32.0,0.0
115.768,-32.5314,0.0
115.776,-32.0194,-1.0
115.781,-32.2301,0.0
115.783,-33.2552,0.0
115.792,-31.715,0.0
115.8,-31.75,-2.0
115.817,-31.9833,-1.0
115.825,-31.9789,-1.0
115.874,-32.6298,-1.0
115.883,-32.9167,0.0
115.883,-32.9833,-5.0
115.897,-32.9537,-1.0
115.912,-29.5212,0.0
115.933,-22.5833,5.0
115.961,-32.0539,-2.0
116.0,-32.15,-2.0
116.026,-32.1475,-1.0
116.033,-31.8167,-7.0
116.033,-8.35,-1.0
116.05,-31.8833,-14.0
116.052,-31.0706,2.0
116.054,23.2656,-4.0
116.058,-33.8497,0.0
116.083,-31.6616,3.0
116.1,-21.0,3.0
116.233,-34.3833,1.0
116.317,-27.95,0.0
116.333,-33.4,-1.0
116.343,29.3493,2.0
116.427,-30.9268,0.0
116.47,23.3856,0.0
116.503,-32.7166,2.0
116.532,-33.7105,3.0
116.592,-33.5738,-7.0
116.66,-30.2805,0.0
116.67,-34.3168,-1.0
116.682,-33.4254,-2.0
116.726,26.8763,-2.0
116.728,-33.7255,1.0
116.843,-20.739,0.0
116.879,26.789,1.0
116.967,-32.7667,-1.0
117.072,-21.5903,-4.0
117.082,-32.5325,0.0
117.157,34.1805,1.0
117.178,-32.9328,-2.0
117.281,31.8639,1.0
117.558,-33.6879,0.0
117.666,-34.6308,0.0
117.788,-22.6941,0.0
117.833,-20.8333,1.0
117.913,-34.9297,0.0
117.938,-34.9578,-3.0
117.938,-34.9983,0.0
118.183,39.6333,0.0
118.494,-26.5952,-8.0
118.508,31.2167,0.0
118.516,-21.1014,2.0
118.586,24.9139,0.0
118.597,32.8743,0.0
118.611,-20.3121,0.0
119.0,24.0,0.0
119.19,-20.1761,0.0
119.5,-8.58333,1.0
119.55,-26.5333,-2.0
119.588,39.9317,0.0
119.744,-21.1707,-1.0
119.756,25.2981,1.0
119.8,39.9667,7.0
119.933,-22.6167,0.0
12.3167,45.45,2.0
12.3667,43.1333,3.0
12.5808,44.0633,2.0
120.224,-26.5921,1.0
120.233,14.79,-1.0
120.283,-21.8,0.0
120.372,36.0986,1.0
120.389,22.8483,-4.0
120.435,-8.5396,0.0
120.483,13.4333,-7.0
120.55,16.45,0.0
120.805,-30.497,1.0
120.95,15.025,0.0
121.019,14.5548,2.0
121.064,31.1402,0.0
121.163,-30.8676,0.0
121.166,-30.9536,0.0
121.233,15.9,-2.0
121.3,-28.6,0.0
121.625,-18.805,0.0
121.8,-32.1333,3.0
121.95,-33.85,7.0
122.0,-31.0833,3.0
122.208,-17.9319,4.0
122.35,-29.7833,-2.0
122.633,-28.8167,-4.0
122.744,-30.0815,0.0
122.867,-34.1,0.0
123.811,12.2189,-6.0
123.833,-32.2833,0.0
123.843,-16.2955,5.0
124.0,-16.8667,1.0
124.267,-18.5167,0.0
124.383,-18.0167,3.0
124.417,-15.45,0.0
124.487,11.3697,-2.0
124.667,45.55,-2.0
125.0,29.0,0.0
125.233,-16.5167,4.0
125.601,-8.26667,-1.0
125.834,-16.2972,1.0
126.321,8.73308,-1.0
126.386,34.6989,-5.0
127.117,-18.6833,1.0
127.428,-15.7239,-1.0
127.666,-18.2248,2.0
127.783,-14.3333,3.0
128.35,-15.5,0.0
128.65,-16.5333,0.0
128.75,-24.6667,-5.0
128.867,-31.7167,-1.0
129.0,-30.75,-2.0
129.509,43.2288,0.0
129.944,-19.1781,0.0
13.1603,11.8464,-3.0
13.18,32.8925,-2.0
13.2344,-8.83833,4.0
13.3333,47.3333,0.0
13.4,52.5167,0.0
13.4213,11.6558,-5.0
13.6079,12.6786,-5.0
130.667,-12.55,-3.0
130.841,-12.4206,1.0
130.842,-12.4629,-3.0
130.845,-12.4431,-14.0
130.867,-12.5534,-3.0
130.874,-12.3525,0.0
131.05,-12.6,-2.0
131.083,-25.3833,-1.0
131.834,-13.8209,4.0
132.231,-14.497,0.0
132.233,-11.3167,1.0
132.263,-14.4708,6.0
132.45,34.4,-2.0
132.483,-11.1167,-7.0
132.7,-12.1333,0.0
132.75,-23.95,3.0
133.0,-27.0,0.0
133.056,-12.3266,-1.0
133.065,-14.9213,0.0
133.15,-22.0167,1.0
133.217,-15.65,1.0
133.802,-17.2152,0.0
133.862,-23.7389,0.0
133.871,-18.6269,-4.0
134.4,-19.5333,0.0
134.417,-14.8167,-2.0
134.5,7.5,0.0
134.55,-30.6833,2.0
134.85,-12.0333,0.0
135.0,-30.0,-5.0
135.167,34.6833,1.0
135.25,-31.2667,-4.0
135.475,-34.6229,-4.0
135.483,-26.5167,0.0
135.854,-34.7241,2.0
135.95,-35.0167,-3.0
136.07,-35.2389,3.0
136.097,-1.16601,-3.0
136.198,-31.2707,0.0
136.317,-29.1667,0.0
136.667,-15.9,-2.0
136.8,-15.6,1.0
136.833,-30.3167,2.0
136.884,-30.4559,0.0
137.433,-32.6333,-1.0
137.5,-34.8667,0.0
137.6,-35.5833,3.0
137.661,-31.5751,0.0
137.683,-35.8667,-3.0
137.733,-32.9,2.0
137.783,-33.0,1.0
137.933,-35.7333,-3.0
138.067,-29.65,-1.0
138.183,-35.5833,1.0
138.21,-33.3526,0.0
138.5,-34.9167,-1.0
138.5,-35.1833,-1.0
138.5,-35.5,-3.0
138.51,-34.4374,-2.0
138.51,-34.9804,4.0
138.517,-33.0667,3.0
138.517,-35.05,1.0
138.533,-35.6,4.0
138.543,-35.2189,2.0
138.557,-34.9197,3.0
138.567,-35.05,-8.0
138.567,-35.2833,0.0
138.572,-34.9433,2.0
138.583,-35.2167,-1.0
138.596,-34.9156,0.0
138.6,-34.7667,2.0
138.6,-34.9287,-2.0
138.6,-34.9833,0.0
138.622,-35.5504,2.0
138.633,-35.4167,2.0
138.683,-34.8333,-3.0
138.7,-32.8333,-1.0
138.7,-34.8333,-3.0
138.733,-34.8167,-2.0
138.781,-34.0826,1.0
138.783,-35.0833,0.0
138.811,-35.0297,2.0
138.817,-35.4667,0.0
138.817,-35.5333,-1.0
138.891,-34.6721,1.0
138.892,-35.2598,0.0
138.916,-34.3387,1.0
138.917,-35.3833,0.0
138.928,-33.6717,1.0
138.95,-34.5333,6.0
138.959,-34.8755,0.0
138.96,-34.5234,3.0
138.983,-34.6167,8.0
138.998,-34.4683,1.0
139.017,-34.95,-1.0
139.024,37.9022,-2.0
139.067,-34.0,0.0
139.067,-34.8167,-4.0
139.133,-34.5667,2.0
139.133,-35.05,0.0
139.183,-21.65,2.0
139.296,-34.9141,7.0
139.4,-35.5667,3.0
139.45,-26.5167,0.0
139.667,35.2836,-3.0
139.783,-17.8667,1.0
139.783,-32.5167,2.0
139.867,-18.2333,-1.0
139.963,-36.0303,-4.0
139.975,-34.1846,0.0
14.3167,-11.9167,0.0
14.4719,35.8783,0.0
14.5,11.0,-9.0
14.55,52.35,0.0
140.028,-37.475,4.0
140.461,-34.2556,-3.0
140.513,-20.7072,1.0
140.567,-34.2333,-1.0
140.683,-36.3667,3.0
140.741,-36.9563,0.0
141.0,39.0,-2.0
141.077,-17.6718,-3.0
141.117,-27.6,2.0
141.242,-36.3786,0.0
141.683,-36.7333,-1.0
141.741,-20.6558,-1.0
141.75,-19.4167,1.0
141.783,-37.6167,-3.0
141.8,-36.3667,1.0
141.917,-34.0333,1.0
142.167,-10.4167,0.0
142.167,-37.2333,1.0
142.2,-36.0667,1.0
142.233,-20.65,3.0
142.25,-10.5,3.0
142.25,-36.6667,-1.0
142.267,-38.3167,0.0
142.317,-38.0833,-3.0
142.35,-38.3333,6.0
142.367,-38.2918,0.0
142.4,-36.6667,4.0
142.467,-38.4054,0.0
142.517,-38.4,-1.0
142.583,-38.3333,-7.0
142.65,-38.35,5.0
142.662,-35.6811,0.0
142.867,-21.95,2.0
142.921,-38.2408,0.0
142.967,-38.1833,0.0
143.15,-37.0167,1.0
143.19,-11.9578,1.0
143.217,-11.9667,1.0
143.267,-26.6667,0.0
143.3,-11.9167,4.0
143.344,-12.7872,-6.0
143.4,-21.7167,1.0
143.474,-37.0904,-1.0
143.567,-35.9167,1.0
143.585,-38.339,-1.0
143.717,-37.1167,3.0
143.801,-37.4808,-1.0
143.824,-27.995,0.0
143.833,-35.5,-2.0
143.833,-37.5504,-2.0
143.85,-37.4333,3.0
143.85,-38.4167,-1.0
143.867,-35.9,-1.0
143.888,-37.559,-3.0
143.92,-35.7349,-1.0
144.033,-36.0667,0.0
144.05,-38.0333,3.0
144.133,-37.4,0.0
144.143,-37.3411,-1.0
144.15,-29.7,-3.0
144.15,-37.3167,0.0
144.167,-18.8833,-1.0
144.169,-38.0489,0.0
144.217,-37.0671,-3.0
144.25,-36.8,0.0
144.433,-24.2667,0.0
144.451,-37.2444,-1.0
144.475,-38.1083,-1.0
144.5,-37.15,1.0
144.515,-38.2653,0.0
144.517,-36.8,5.0
144.618,-30.2318,-1.0
144.656,-38.1154,-4.0
144.662,-38.2679,-1.0
144.672,-37.7344,-1.0
144.717,-38.3167,-2.0
144.74,-40.53,0.0
144.776,-37.8642,-3.0
144.8,-29.0333,0.0
144.817,-37.3333,0.0
144.833,-37.7667,-4.0
144.867,-37.6333,-1.0
144.883,-38.5,-3.0
144.888,19.4355,-2.0
144.9,-37.8,1.0
144.9,-37.8167,0.0
144.9,-37.8,1.0
144.9,-37.8167,-1.0
144.9,-37.8,-8.0
144.9,-37.8167,0.0
144.917,-37.7667,-2.0
144.933,-37.8333,0.0
144.936,-37.8549,0.0
144.95,-37.6833,-1.0
144.967,-37.75,0.0
144.967,-37.8333,-8.0
144.967,-37.8474,2.0
144.967,-38.3333,-12.0
144.983,-37.8,-9.0
145.0,-37.8833,3.0
145.0,-37.95,0.0
145.033,-37.7833,1.0
145.033,-37.8667,0.0
145.033,-38.2167,0.0
145.05,-37.95,0.0
145.067,-22.1167,1.0
145.083,-37.4833,0.0
145.083,-37.7167,-3.0
145.1,-37.5667,1.0
145.1,-37.9,-5.0
145.117,-37.8667,2.0
145.117,-38.1333,-1.0
145.154,-36.7851,5.0
145.183,-15.5333,2.0
145.183,-37.9,3.0
145.228,-38.4732,-1.0
145.283,-38.1134,-4.0
145.3,-36.3833,0.0
145.3,-37.7833,-5.0
145.3,-37.9333,-2.0
145.317,-17.3833,-1.0
145.317,-18.45,0.0
145.317,-37.8,0.0
145.333,-37.9,-2.0
145.35,-37.8333,-2.0
145.35,-41.9333,1.0
145.367,-37.8167,1.0
145.373,-38.5212,2.0
145.383,-38.2147,-4.0
145.383,-42.3167,-2.0
145.384,-17.3784,0.0
145.387,-6.08336,0.0
145.433,-37.5796,0.0
145.46,-14.6668,-4.0
145.467,-32.85,-4.0
145.5,-39.3333,0.0
145.517,-37.6539,0.0
145.56,-42.98,0.0
145.571,-36.7556,-3.0
145.583,-17.1667,-2.0
145.683,-22.9667,-1.0
145.717,-42.5667,0.0
145.729,-35.3566,0.0
145.767,-38.4667,-4.0
145.795,-22.4228,0.0
145.8,-20.2667,0.0
145.8,-38.1667,1.0
145.85,-36.95,-4.0
145.866,-16.9062,2.0
145.897,-37.1926,-6.0
145.923,-17.3439,1.0
145.931,-38.1591,1.0
145.954,-38.0168,2.0
145.983,-27.25,1.0
145.984,-36.5511,3.0
146.024,-17.3524,0.0
146.031,-17.5221,-1.0
146.035,-34.2818,2.0
146.067,-20.4,0.0
146.067,-23.0833,4.0
146.083,-34.3,1.0
146.102,-17.779,-2.0
146.264,-20.0767,0.0
146.267,-35.3293,7.0
146.32,-41.82,1.0
146.374,-33.2987,-5.0
146.386,-35.9996,2.0
146.401,-34.5485,-4.0
146.405,-34.551,0.0
146.417,-41.2362,0.0
146.426,-37.1451,-1.0
146.433,-36.7,-2.0
146.45,-26.7333,-1.0
146.483,-36.0667,0.0
146.5,-41.1833,1.0
146.533,-38.5167,1.0
146.54,-42.17,-2.0
146.578,-18.7356,-2.0
146.6,-43.14,0.0
146.633,-23.35,-1.0
146.65,-42.75,0.0
146.667,-42.7333,-8.0
146.733,-19.3167,-3.0
146.774,-37.9107,-4.0
146.783,-35.8,0.0
146.783,-41.0667,0.0
146.8,-38.15,0.0
146.806,-19.2664,-1.0
146.817,-41.2023,0.0
146.833,-42.75,-5.0
146.843,-37.6124,0.0
146.86,-29.9607,0.0
146.867,-42.6833,-6.0
146.883,-20.1,-5.0
146.883,-36.7333,2.0
146.9,-42.7,-3.0
146.93,-43.42,1.0
146.938,-19.3918,0.0
146.94,-41.49,-1.0
146.967,-27.9667,0.0
146.983,-43.4167,2.0
147.0,-25.0,3.0
147.0,-35.8333,2.0
147.0,-36.15,-4.0
147.017,-19.4,1.0
147.033,-42.7167,2.0
147.033,-42.9333,4.0
147.128,-41.4292,2.0
147.133,-36.9751,-2.0
147.15,-41.4417,-1.0
147.2,-36.554,-1.0
147.27,-42.82,6.0
147.28,-43.29,-1.0
147.3,-35.1667,1.0
147.317,-26.6,0.0
147.32,-42.85,-1.0
147.32,-42.88,0.0
147.332,-42.8832,2.0
147.339,-42.9117,-2.0
147.35,-42.8333,1.0
147.367,-41.3167,1.0
147.367,-41.7667,0.0
147.45,-42.3333,-4.0
147.5,-38.0,-1.0
147.536,-34.4483,-2.0
147.583,-36.9667,-1.0
147.61,-37.8229,-4.0
147.617,-19.85,2.0
147.683,-37.8833,6.0
147.73,-43.1,4.0
147.733,-35.9667,5.0
147.741,-8.87853,2.0
147.75,-23.55,-7.0
147.811,-42.8865,3.0
147.817,-20.5667,1.0
147.817,-33.1167,0.0
147.817,-35.1333,0.0
147.817,-37.7333,0.0
147.833,-43.1333,2.0
147.86,-43.12,-3.0
147.914,-42.5018,0.0
147.967,-24.8667,1.0
147.983,-32.0315,2.0
147.983,-36.1333,1.0
148.011,-35.7762,0.0
148.033,-25.7667,3.0
148.033,-35.2667,2.0
148.035,-21.9983,0.0
148.05,-35.3167,0.0
148.07,-40.72,-4.0
148.083,-30.0,0.0
148.083,-34.5833,-1.0
148.108,-35.0653,2.0
148.146,-35.5191,1.0
148.233,-21.5,0.0
148.233,-32.5667,1.0
148.263,-41.5061,0.0
148.267,-34.4833,-5.0
148.286,-20.0301,-4.0
148.289,-42.1228,-5.0
148.3,-33.5,-2.0
148.32,-41.0,1.0
148.367,-26.7667,3.0
148.373,-33.427,0.0
148.412,-36.406,2.0
148.45,-20.0667,1.0
148.451,-33.2985,-1.0
148.5,-35.8833,2.0
148.52,-37.791,2.0
148.535,-32.2485,7.0
148.633,-33.6167,-2.0
148.635,-34.6717,0.0
148.689,-33.1825,1.0
148.698,-20.2768,0.0
148.699,-22.8111,0.0
148.8,-20.8667,1.0
148.827,-36.3657,5.0
148.83,-32.4006,3.0
148.87,-33.091,5.0
148.9,-32.4667,-3.0
148.917,-34.8167,-2.0
148.933,-21.0667,1.0
149.05,-35.3333,1.0
149.058,-21.161,-6.0
149.067,-33.3,5.0
149.067,-35.5167,0.0
149.083,-32.8,3.0
149.118,-33.2985,-3.0
149.129,-35.2818,1.0
149.131,-35.3075,0.0
149.133,-35.2667,-2.0
149.133,-35.5667,2.0
149.142,-35.2992,-1.0
149.15,-21.1667,0.0
149.15,-35.4333,0.0
149.15,-35.5167,-1.0
149.167,-35.3,0.0
149.167,-35.3333,1.0
149.167,-35.7167,-2.0
149.182,-35.2373,-1.0
149.183,-35.3333,1.0
149.2,-22.1167,-5.0
149.2,-35.2667,2.0
149.239,-36.9087,-1.0
149.278,-21.2648,-3.0
149.3,-30.1,-4.0
149.333,-33.5,1.0
149.385,-32.0152,-17.0
149.417,-21.9,2.0
149.418,-35.0985,-1.0
149.45,-34.5333,-3.0
149.468,-34.4652,6.0
149.5,-28.5,-4.0
149.532,-32.3625,1.0
149.567,-23.7,0.0
149.567,-31.1167,-4.0
149.583,-32.4333,1.0
149.583,-34.5833,0.0
149.6,-31.6333,-2.0
149.633,-32.4167,0.0
149.633,-34.7833,0.0
149.685,-34.7485,-1.0
149.7,-32.9667,3.0
149.754,-37.559,0.0
149.765,-37.5468,1.0
149.767,-32.6333,5.0
149.783,-25.4,0.0
149.8,-25.6392,1.0
149.817,-34.3167,-7.0
149.91,-36.889,0.0
149.967,-32.0,-2.0
149.967,-36.1333,3.0
149.985,-36.7318,1.0
15.0,-1.0,0.0
15.0,46.0,0.0
15.3333,-22.0833,0.0
15.5,45.1667,0.0
15.5,49.75,-1.0
150.001,-32.9985,1.0
150.05,-37.25,1.0
150.085,-35.9152,1.0
150.131,-36.221,0.0
150.135,-35.6818,8.0
150.18,-35.8398,0.0
150.267,-24.9167,0.0
150.299,-34.6585,0.0
150.318,-33.7318,1.0
150.335,-32.7235,0.0
150.367,-24.2167,0.0
150.375,-33.7103,3.0
150.418,-34.4652,-1.0
150.444,-35.3892,0.0
150.445,-35.2296,0.0
150.483,-34.4333,0.0
150.513,-34.0793,1.0
150.55,-33.7,0.0
150.567,-28.7167,3.0
150.583,-33.9833,-1.0
150.6,-35.15,1.0
150.611,-34.8497,0.0
150.617,-33.7667,2.0
150.629,-33.5277,1.0
150.633,-30.15,-1.0
150.649,-31.3491,0.0
150.667,-23.2667,-1.0
150.667,-35.05,0.0
150.7,-35.1333,0.0
150.733,-23.0833,1.0
150.739,-34.1268,2.0
150.74,-34.8421,-1.0
150.75,-33.75,0.0
150.75,-33.7667,4.0
150.75,-33.7904,0.0
150.75,-35.1667,0.0
150.767,-34.0833,-9.0
150.783,-26.85,0.0
150.783,-34.5,-2.0
150.789,-34.1957,-3.0
150.801,-34.0985,-3.0
150.81,-34.7691,0.0
150.818,-33.7818,0.0
150.858,-34.4356,-1.0
150.859,-33.5872,1.0
150.867,-33.7167,-6.0
150.867,-34.0,-1.0
150.867,-34.5833,0.0
150.876,-34.4068,0.0
150.877,-33.9232,0.0
150.883,-33.45,-1.0
150.883,-33.9833,0.0
150.896,-33.9243,0.0
150.9,-23.3,1.0
150.9,-33.9085,2.0
150.9,-33.9667,-1.0
150.9,-34.4,8.0
150.9,-34.4667,0.0
150.901,-33.8485,-4.0
150.917,-33.7667,-1.0
150.917,-34.3667,-2.0
150.967,-33.9833,-2.0
150.983,-33.8167,-3.0
150.989,-31.1237,2.0
150.993,-33.7485,5.0
151.0,-32.0,0.0
151.0,-33.7333,1.0
151.0,-33.8167,-4.0
151.01,-33.8238,0.0
151.033,-32.5833,-3.0
151.033,-33.6333,0.0
151.033,-33.8667,-1.0
151.035,-33.8985,-4.0
151.035,-33.9735,3.0
151.05,-33.7833,-2.0
151.05,-34.0833,-1.0
151.068,-33.9402,-2.0
151.083,-33.8667,-1.0
151.1,-33.8667,-5.0
151.101,-33.9818,1.0
151.112,-29.774,0.0
151.117,-33.7167,0.0
151.117,-33.85,4.0
151.118,-33.8568,0.0
151.133,-33.65,1.0
151.133,-33.8333,0.0
151.133,-33.95,0.0
151.135,-31.3485,3.0
151.135,-33.8735,-4.0
151.135,-33.9152,4.0
151.135,-34.0652,0.0
151.15,-33.8833,0.0
151.15,-33.9667,6.0
151.151,-33.8318,1.0
151.153,-30.8865,0.0
151.154,-33.8536,0.0
151.16,-23.6222,0.0
151.167,-33.85,0.0
151.167,-33.9167,0.0
151.168,-33.8318,-3.0
151.183,-33.8,0.0
151.185,-33.7652,-1.0
151.185,-33.9068,0.0
151.185,-33.9818,-3.0
151.194,-33.8694,-1.0
151.2,-31.4833,0.0
151.2,-33.8667,3.0
151.2,-34.0167,-1.0
151.201,-33.8152,-3.0
151.201,-33.8485,1.0
151.208,-33.8542,4.0
151.214,-33.8861,0.0
151.216,-33.8225,-2.0
151.217,-23.95,0.0
151.217,-27.9667,2.0
151.217,-33.85,-2.0
151.225,-33.8667,1.0
151.233,-33.95,0.0
151.25,-23.8167,1.0
151.25,-31.9167,-1.0
151.25,-33.85,-2.0
151.25,-33.9125,0.0
151.251,-32.3485,3.0
151.251,-33.8794,2.0
151.251,-33.9235,-5.0
151.255,-33.8308,3.0
151.26,-33.9068,0.0
151.263,-33.8747,-1.0
151.267,-33.7667,1.0
151.278,-33.8403,0.0
151.283,-23.9333,-1.0
151.283,-32.8,4.0
151.283,-33.3667,0.0
151.283,-33.65,2.0
151.285,-33.6985,-1.0
151.292,-33.7667,0.0
151.3,-33.7083,-1.0
151.302,-25.5927,-4.0
151.317,-31.8167,0.0
151.318,-33.6235,3.0
151.333,-32.75,0.0
151.335,-30.9485,0.0
151.35,-33.4333,-2.0
151.367,-23.95,-1.0
151.367,-24.55,0.0
151.367,-32.8333,-4.0
151.371,-33.4298,-2.0
151.375,-23.9475,0.0
151.417,-33.4833,2.0
151.443,-33.4402,1.0
151.465,-33.0681,-1.0
151.483,-27.3167,1.0
151.483,-29.4667,-3.0
151.483,-33.4167,-6.0
151.501,-30.6411,0.0
151.563,-24.3321,-1.0
151.567,-27.5833,0.0
151.567,-28.2,3.0
151.601,-33.0652,0.0
151.65,-30.3167,-3.0
151.65,-32.6956,0.0
151.667,-32.95,0.0
151.671,-30.5083,1.0
151.7,-32.8333,-2.0
151.7,-32.9167,0.0
151.721,-27.4331,-2.0
151.733,-32.8333,-3.0
151.735,-32.9152,2.0
151.75,-29.5167,1.0
151.751,-32.9235,0.0
151.758,-32.4003,0.0
151.8,-26.85,-1.0
151.817,-26.5,0.0
151.861,-27.7055,0.0
151.867,-27.55,0.0
151.915,-23.4429,2.0
151.933,-27.5833,0.0
151.94,-26.2417,0.0
151.95,-27.4333,0.0
151.981,-28.0348,0.0
152.017,-31.95,0.0
152.02,-29.0495,2.0
152.05,-27.3,1.0
152.117,-27.6167,-3.0
152.124,-27.5532,0.0
152.133,-25.5833,0.0
152.208,-28.1949,0.0
152.233,-25.2167,-3.0
152.234,-26.0869,0.0
152.276,-24.7155,1.0
152.3,-24.8667,4.0
152.4,-27.5333,0.0
152.417,-27.5667,-2.0
152.454,-31.911,1.0
152.5,-27.2,-7.0
152.501,-27.3901,0.0
152.567,-28.9,1.0
152.583,-25.7261,-1.0
152.583,-29.2167,3.0
152.6,-27.35,0.0
152.65,-27.8667,1.0
152.667,-26.3833,-1.0
152.667,-27.5167,0.0
152.678,-26.4596,0.0
152.683,-26.35,-3.0
152.683,-26.65,-2.0
152.7,-27.55,2.0
152.714,-30.3411,3.0
152.717,-25.3333,0.0
152.717,-26.3167,2.0
152.717,-27.7833,-3.0
152.717,-28.9167,-3.0
152.733,-27.7,-5.0
152.75,-28.1833,0.0
152.75,-31.3167,1.0
152.75,-31.8333,-3.0
152.751,-30.8152,0.0
152.795,-31.6448,1.0
152.8,-28.2667,-1.0
152.807,-27.5486,1.0
152.817,-31.6333,-1.0
152.817,-31.65,1.0
152.822,-26.3369,0.0
152.831,-31.079,0.0
152.833,-27.5333,-4.0
152.833,-27.6,-4.0
152.839,-31.5906,-7.0
152.849,-26.76,0.0
152.867,-27.4667,-5.0
152.883,-27.5333,-9.0
152.885,-29.8318,0.0
152.892,-29.8262,2.0
152.899,-30.4529,-2.0
152.917,-30.1,2.0
152.933,-27.55,0.0
152.933,-27.5833,-1.0
152.935,-29.6985,1.0
152.935,-31.0152,6.0
152.949,-27.1088,-4.0
152.95,-29.7,0.0
152.951,-26.4745,0.0
152.951,-27.0847,-3.0
152.959,-27.1611,1.0
152.959,-27.2034,0.0
152.961,-26.6858,-2.0
152.967,-26.2667,-2.0
152.983,-27.2833,0.0
152.997,-27.9869,-2.0
153.0,-26.65,-1.0
153.0,-27.2833,-8.0
153.0,-28.45,-3.0
153.005,-28.6208,0.0
153.014,-30.497,0.0
153.017,-27.4833,0.0
153.017,-29.7833,1.0
153.033,-26.2167,0.0
153.033,-27.5667,-4.0
153.05,-27.4278,1.0
153.05,-27.45,-3.0
153.055,-26.7179,0.0
153.058,-27.45,1.0
153.067,-27.3333,0.0
153.067,-27.35,-1.0
153.067,-29.0333,1.0
153.083,-27.3833,-7.0
153.09,-26.3943,0.0
153.091,-26.5333,0.0
153.095,-26.4769,-1.0
153.1,-27.5833,0.0
153.101,-26.6156,-6.0
153.114,-30.2963,0.0
153.117,-27.2333,-2.0
153.124,-26.9506,0.0
153.134,-28.2562,-1.0
153.138,-26.7971,0.0
153.172,-27.9231,4.0
153.182,-30.1639,1.0
153.183,-27.5167,0.0
153.2,-27.7,-2.0
153.208,-28.3578,2.0
153.227,-29.986,3.0
153.259,-27.29,0.0
153.267,-28.4833,0.0
153.283,-27.7333,-1.0
153.283,-29.3667,0.0
153.3,-27.8167,4.0
153.3,-27.8833,0.0
153.301,-29.4485,-1.0
153.336,-27.9894,0.0
153.359,-29.4763,1.0
153.367,-28.0833,0.0
153.393,-28.3273,-1.0
153.4,-27.9667,-3.0
153.4,-28.0167,0.0
153.402,-27.8861,-8.0
153.407,-28.7281,1.0
153.417,-27.9333,1.0
153.45,-28.1,0.0
153.463,-28.2752,0.0
153.467,-27.0333,2.0
153.467,-28.1333,0.0
153.483,-28.45,0.0
153.517,-28.5833,1.0
153.532,-28.5238,-2.0
153.533,-28.5667,-4.0
153.533,-28.7167,0.0
153.542,-28.1756,-1.0
153.55,-28.5167,1.0
153.567,-28.2667,0.0
153.583,-28.8667,-1.0
153.601,-28.8402,0.0
153.617,-28.7167,0.0
153.633,-28.65,4.0
153.635,-28.6152,0.0
156.528,-7.91746,2.0
156.842,-8.10303,1.0
158.25,6.9167,-1.0
159.083,-31.5,-2.0
159.083,-31.5167,-1.0
159.083,-31.5,0.0
159.083,-31.55,-1.0
159.083,-31.5,-4.0
159.083,-31.55,-3.0
159.95,-9.43333,1.0
160.0,-12.0,1.0
166.917,-0.5333,-3.0
166.917,-0.55,0.0
167.0,-16.0,2.0
167.95,-29.0333,-1.0
168.117,-16.25,-3.0
168.517,-44.0,0.0
17.1694,40.4478,0.0
171.25,-44.4,3.0
171.917,-43.3333,-3.0
172.633,-40.7333,-4.0
173.967,-41.3333,0.0
174.3,-39.4292,0.0
174.583,-36.75,0.0
174.7,-36.5667,-3.0
174.733,-36.4833,1.0
174.733,-36.8667,1.0
174.75,-41.3167,0.0
174.833,-36.9,-2.0
174.9,-41.1,4.0
174.95,-37.2667,0.0
175.1,-38.2667,2.0
175.333,-38.5667,0.0
175.5,-41.1667,0.0
175.733,-38.7833,-1.0
176.083,-38.6833,-7.0
176.35,-39.9333,0.0
176.75,-38.3333,1.0
176.9,-39.55,-1.0
177.0,-38.5,1.0
177.467,-17.6167,-3.0
177.5,-39.3333,2.0
178.417,-18.1333,0.0
18.15,-26.5833,2.0
18.3826,-33.928,-2.0
19.0833,47.5,1.0
19.1241,50.7965,0.0
19.2308,50.0368,0.0
19.4434,-30.9539,3.0
19.4915,49.8841,-4.0
2.0,46.0,0.0
2.24457,48.8879,10.0
2.33333,48.8667,0.0
2.72929,50.0405,-1.0
2.79467,50.266,-3.0
20.0,41.0,0.0
20.0,47.0,0.0
21.0,42.5833,-1.0
21.4333,42.0,-1.0
22.0,39.0,0.0
23.0,44.0,1.0
24.0,-22.0,-3.0
24.3,55.5167,0.0
24.9342,60.1756,1.0
24.9833,-30.6333,4.0
25.0,0.0,-2.0
25.0,57.0,0.0
25.3333,37.45,3.0
26.0869,-32.679,2.0
26.2244,40.0931,-2.0
26.8167,48.0167,-4.0
27.9667,-26.05,-2.0
28.1135,-25.1797,-2.0
28.2568,-30.012,2.0
28.2833,-15.4167,2.0
28.5753,-20.1419,1.0
28.9833,41.0333,-1.0
29.0,47.0,0.0
29.3629,-14.3549,-2.0
29.4689,-23.9045,-4.0
29.9192,31.1981,0.0
3.03916,36.7458,-2.0
3.36955,6.46125,-3.0
3.42199,6.42806,0.0
30.0,-20.0,-2.0
30.0,-22.2167,-4.0
30.0,15.0,-4.0
30.0,27.0,-1.0
30.0606,-1.95361,0.0
30.0925,-23.3105,2.0
30.6884,6.79223,0.0
30.9703,-25.4745,0.0
31.0067,31.1453,-2.0
31.0333,-29.85,-2.0
31.0447,-17.8178,-1.0
31.2332,30.0445,-1.0
31.2395,30.0525,-4.0
31.25,30.05,-1.0
31.4106,3.03431,0.0
31.4438,1.61438,-1.0
31.534,-27.8818,1.0
31.6012,4.84597,-2.0
31.9867,-27.9948,-1.0
32.5628,29.9314,0.0
32.5667,0.333333,0.0
32.7411,-18.2159,3.0
32.873,39.9455,-4.0
33.0,-1.0,-2.0
33.3167,35.3417,-1.0
33.4803,0.459722,-3.0
33.65,0.5,-3.0
34.0,45.0,-3.0
34.2519,0.445941,-5.0
34.4571,-0.527309,-10.0
34.4731,-1.06343,-1.0
34.4864,0.335107,0.0
34.6001,60.3039,2.0
34.6809,31.7444,-2.0
34.7667,32.0667,1.0
34.8389,-19.8436,1.0
34.8867,32.0114,0.0
35.0167,1.48333,-6.0
35.1167,1.23333,-4.0
35.2038,31.7049,-1.0
35.2333,31.7667,-2.0
35.25,30.8,5.0
35.3333,32.9,0.0
35.4669,32.7253,-8.0
35.5,32.6667,0.0
35.5097,33.8719,-2.0
35.5167,-3.25,0.0
35.5442,33.8339,-7.0
35.7768,35.5148,-5.0
36.0,31.0,0.0
36.1572,36.2066,-5.0
36.1873,51.7373,0.0
36.8167,-1.28333,-3.0
37.7,-1.58333,3.0
38.0,35.0,-3.0
38.0,8.0,0.0
38.5,48.5,-1.0
38.7939,37.1671,-4.0
39.0167,35.95,-4.0
39.5,19.0,0.0
39.7257,43.5992,-3.0
4.0,44.0,0.0
4.16667,8.25,1.0
4.5,7.5,0.0
4.75937,52.9561,0.0
41.1667,2.25,-4.0
42.1189,37.1981,-4.0
43.5797,35.7762,-4.0
43.7167,33.3667,-4.0
44.197,15.3497,-5.0
45.0,25.0,-2.0
45.0,34.0,-2.0
45.0,40.0,0.0
5.16667,52.15,1.0
5.29222,52.2115,0.0
53.75,23.1333,0.0
54.0,24.0,-1.0
55.6,-21.1,1.0
55.6667,-4.5833,2.0
56.8848,29.8628,-9.0
57.5948,29.5089,0.0
6.14811,46.1956,0.0
6.16632,51.4141,2.0
6.5,45.4,6.0
6.75,49.3167,-1.0
6.94568,46.0018,1.0
64.0,41.0,-4.0
67.05,31.5667,0.0
67.402,36.1718,-6.0
68.7083,36.1307,-1.0
68.857,36.729,-1.0
69.1833,34.5167,-2.0
69.265,34.9669,-4.0
7.4,43.7333,1.0
7.44028,10.5231,2.0
7.53333,9.08333,-2.0
7.62389,9.20444,3.0
7.91667,49.9833,0.0
70.4167,34.3333,-4.0
70.9732,31.4318,-5.0
72.8367,18.9411,1.0
73.0167,20.1667,0.0
73.15,19.25,0.0
73.1667,19.2,-8.0
73.2,22.3,1.0
73.4,55.0,2.0
74.3436,31.5497,-1.0
74.6003,42.8731,1.0
74.8353,12.8639,2.0
75.0,36.0,6.0
76.7167,23.4667,2.0
76.9569,8.50694,-4.0
76.9806,29.6161,-1.0
77.1833,28.5167,0.0
77.2,28.6,0.0
77.4833,28.5167,-2.0
77.5833,12.9833,0.0
78.0333,30.3167,0.0
78.05,27.1667,0.0
78.1514,26.1967,-6.0
78.4,30.9167,0.0
79.3,19.95,-1.0
79.8478,6.93194,-1.0
8.0,47.0,0.0
8.25082,11.4148,-3.0
8.51667,11.9964,0.0
8.55,47.3667,0.0
8.95114,46.0062,0.0
80.2833,13.0833,0.0
80.6356,7.2955,-2.0
80.9167,26.85,1.0
81.2333,8.58333,-5.0
81.7833,21.15,2.0
85.3142,27.6766,-3.0
87.6833,23.6833,4.0
88.2667,24.1833,-9.0
89.6715,25.5559,0.0
9.0,34.0,-3.0
9.2,45.4667,2.0
9.28333,46.0,4.0
9.7,47.7,0.0
9.75,9.16667,-5.0
9.85,52.2333,2.0
90.5,27.5,-8.0
96.1561,16.8053,1.0
97.1667,35.8333,-7.0
98.0,22.0,-4.0
98.3481,3.3591,-1.0
98.3833,7.83333,-1.0
98.5298,8.4509,0.0
