-0.033333,51.6,-2.0
-0.033333,53.55,1.0
-0.1,50.9833,-4.0
-0.1,51.55,3.0
-0.140308,51.5457,0.0
-0.166667,51.4833,-1.0
-0.166667,51.5,2.0
-0.183333,51.1667,0.0
-0.216667,51.9167,-1.0
-0.233333,50.8333,0.0
-0.25,52.5833,-6.0
-0.266667,51.65,2.0
-0.283333,51.55,0.0
-0.30479,51.4888,0.0
-0.333333,51.2167,-6.0
-0.416667,51.0,1.0
-0.566667,51.2167,2.0
-0.7,54.15,-6.0
-0.812115,5.41877,2.0
-0.816667,51.3667,-3.0
-0.866667,54.2167,-1.0
-0.9,52.25,0.0
-0.916667,50.85,0.0
-1.0152,5.2717,2.0
-1.15,51.3833,0.0
-1.16667,51.0833,-1.0
-1.16667,52.9667,-1.0
-1.25,51.5,2.0
-1.36667,52.1333,-2.0
-1.36719,45.9967,0.0
-1.48333,51.2,0.0
-1.5,54.1667,0.0
-1.52472,12.3703,-2.0
-1.55,52.2833,-1.0
-1.55558,43.4801,0.0
-1.58333,52.4667,-9.0
-1.6,53.65,2.0
-1.61667,6.68333,-2.0
-1.75,53.6167,-6.0
-1.78333,51.5167,-1.0
-1.85,52.9,2.0
-1.96667,51.5167,-1.0
-1.96667,52.5,0.0
-10.8,6.3,-2.0
-105.55,50.4,1.0
-106.237,34.8375,0.0
-106.483,31.7333,4.0
-106.862,47.7556,2.0
-107.594,24.9086,-5.0
-108.551,39.0639,2.0
-109.941,31.4507,3.0
-11.1,8.73333,0.0
-11.3667,9.53333,3.0
-110.0,71.0,3.0
-110.13,32.829,-3.0
-111.388,33.7712,-1.0
-111.498,40.6461,0.0
-111.891,40.7608,0.0
-111.939,40.6097,-11.0
-112.691,39.1559,-6.0
-114.169,47.2416,4.0
-114.283,52.75,-3.0
-114.35,62.45,5.0
-114.95,31.9,0.0
-115.137,36.175,0.0
-115.917,33.9167,0.0
-116.563,43.5407,3.0
-117.122,38.4199,0.0
-117.142,32.6976,2.0
-117.157,32.7153,-1.0
-117.255,32.7445,-3.0
-117.768,33.7,-1.0
-118.073,33.8031,1.0
-118.201,34.3667,-1.0
-118.244,34.0522,0.0
-118.365,34.1017,0.0
-118.491,34.0195,2.0
-118.833,36.8241,0.0
-119.289,46.1757,0.0
-119.616,36.5805,2.0
-119.634,37.4411,2.0
-121.041,41.3827,-1.0
-121.571,47.3917,0.0
-121.707,37.6744,0.0
-122.065,37.9063,1.0
-122.08,47.6418,-1.0
-122.3,49.05,0.0
-122.332,47.6062,-1.0
-122.419,37.7749,0.0
-122.419,37.7791,1.0
-122.451,38.5813,1.0
-122.472,37.7805,-5.0
-122.545,37.906,-4.0
-122.767,53.9167,3.0
-122.821,38.0913,3.0
-122.85,49.2833,-4.0
-122.917,49.2167,0.0
-122.968,48.5832,2.0
-123.067,49.3167,-7.0
-123.133,49.25,0.0
-123.3,48.5,-4.0
-123.37,38.7219,1.0
-123.55,48.5333,1.0
-123.733,48.3833,-3.0
-123.917,49.15,0.0
-123.917,49.5167,3.0
-126.2,50.95,3.0
-13.2342,8.49,-2.0
-131.646,55.3422,0.0
-136.0,63.0,3.0
-138.733,-19.3667,0.0
-14.0,14.0,-1.0
-140.0,-15.0,0.0
-149.9,61.2181,4.0
-152.268,61.385,0.0
-155.932,19.4789,-1.0
-156.5,20.7503,2.0
-157.808,21.2667,2.0
-157.858,21.3069,0.0
-158.119,-19.9917,1.0
-171.75,-13.8528,0.0
-171.781,-13.9253,-1.0
-171.83,-13.8509,-4.0
-172.333,-13.5833,2.0
-174.45,-19.7833,0.0
-174.95,-21.3667,0.0
-18.0,65.0,-1.0
-2.0,13.0,3.0
-2.05,52.45,0.0
-2.08333,57.35,2.0
-2.15,52.2667,2.0
-2.15,53.6167,-3.0
-2.16667,52.1667,0.0
-2.16667,53.8667,2.0
-2.31667,52.1167,2.0
-2.31938,6.46346,1.0
-2.56667,55.4667,2.0
-2.65,52.7833,2.0
-2.66667,57.1667,-3.0
-2.71667,50.7333,2.0
-2.74806,58.2617,-4.0
-2.91667,56.4667,1.0
-2.92866,35.174,-2.0
-21.95,64.15,1.0
-3.07306,51.5339,6.0
-3.16667,56.4333,2.0
-3.18,51.4347,2.0
-3.18333,54.1833,0.0
-3.25,50.6833,1.0
-3.43333,56.4,3.0
-3.53333,50.7,0.0
-3.66667,54.75,-5.0
-3.7,56.3,-1.0
-3.75,56.1667,0.0
-35.0833,-6.8,-1.0
-38.5167,-12.9833,4.0
-4.0,17.0,0.0
-4.23333,57.4667,1.0
-4.26667,53.15,-2.0
-4.45,57.3,0.0
-4.5,57.5,0.0
-4.91667,55.7333,-3.0
-4.93333,57.2833,2.0
-4.96667,54.7333,-1.0
-46.6167,-23.5333,3.0
-49.0,-0.166667,0.0
-5.0,57.6833,3.0
-5.07083,51.65,-3.0
-5.33333,36.15,0.0
-5.54778,50.1136,-1.0
-5.93333,54.2667,-6.0
-52.0,-15.0,3.0
-58.0071,-31.0475,5.0
-59.5,47.1667,-1.0
-6.0,54.6667,0.0
-6.06306,53.1408,-2.0
-6.19389,53.3883,-4.0
-6.25,56.45,-6.0
-6.34111,53.2878,0.0
-6.39222,53.3786,-2.0
-6.66667,53.6667,0.0
-6.6825,53.7069,0.0
-6.68917,53.2914,0.0
-6.83778,53.7333,4.0
-61.0,11.0,1.0
-61.0,14.0,-3.0
-61.0667,46.3833,2.0
-61.2167,13.1333,0.0
-61.9667,45.6167,2.0
-64.0,-34.0,0.0
-64.3167,44.3667,0.0
-64.75,32.3333,-3.0
-66.0,8.0,0.0
-67.3833,46.9,0.0
-68.0,-44.0,0.0
-68.0039,10.1806,0.0
-68.3,-54.8,1.0
-68.3442,44.349,0.0
-68.6661,45.2506,-7.0
-68.6692,44.8992,1.0
-69.3977,44.6074,-1.0
-69.5709,43.8181,1.0
-69.9667,12.5,1.0
-7.5,53.25,0.0
-7.76667,53.5667,1.0
-70.6667,-33.45,0.0
-70.6667,19.0,-6.0
-70.8773,42.8126,-2.0
-71.0564,42.3593,-2.0
-71.0828,42.3334,1.0
-71.0917,42.3595,-5.0
-71.1195,42.3737,0.0
-71.4333,-30.6333,3.0
-71.5231,41.7062,0.0
-71.5314,42.2373,-1.0
-71.6417,41.3832,-11.0
-71.6715,41.9151,2.0
-71.7598,42.5251,0.0
-71.8023,42.2626,-1.0
-72.0,4.0,0.0
-72.4167,19.0,-2.0
-72.5314,-13.1583,0.0
-72.7093,44.0407,0.0
-72.7622,41.5834,0.0
-73.2821,41.4201,0.0
-73.5833,45.5,-1.0
-73.6496,42.2506,-3.0
-73.7874,40.999,0.0
-73.8333,45.2167,4.0
-73.8499,40.7198,4.0
-73.921,41.7004,-1.0
-73.9825,40.7672,1.0
-74.0833,4.6,-7.0
-74.1663,40.3001,2.0
-74.1667,45.45,2.0
-74.2418,40.6665,3.0
-74.4443,40.4995,-1.0
-74.5089,40.314,0.0
-74.7149,44.7056,-3.0
-74.7757,39.0882,0.0
-74.9384,42.1497,0.0
-74.9761,44.6647,4.0
-75.1332,41.8806,7.0
-75.153,39.9809,-3.0
-75.5148,39.3498,-2.0
-75.65,45.4833,2.0
-75.6833,44.5833,-3.0
-75.7,45.4167,0.0
-76.0,-10.0,0.0
-76.0,24.25,-3.0
-76.061,43.152,-1.0
-76.4358,37.3546,-2.0
-76.648,39.0596,1.0
-76.7058,38.3599,4.0
-76.7075,37.2707,0.0
-77.0408,38.9307,0.0
-77.05,-12.05,0.0
-77.264,40.5773,-1.0
-77.35,25.0833,-6.0
-77.5,-2.0,-2.0
-77.5,18.25,0.0
-77.5363,18.468,-8.0
-77.7847,39.537,0.0
-78.5239,40.3315,-2.0
-78.55,44.5333,0.0
-79.4167,43.6667,0.0
-79.7667,44.75,2.0
-8.11667,54.65,-1.0
-8.25,53.75,2.0
-8.29917,51.8572,4.0
-8.64855,42.8087,3.0
-8.65167,54.3631,-2.0
-8.98639,52.8436,3.0
-80.0998,26.3184,0.0
-80.1426,39.4851,-1.0
-80.1937,25.7743,0.0
-80.25,43.55,-5.0
-80.6534,28.0717,-1.0
-80.6667,40.0581,-1.0
-80.8076,28.6122,-8.0
-80.8431,35.2271,0.0
-80.9066,33.8191,-2.0
-80.9667,46.5,1.0
-80.9696,38.468,-1.0
-81.0228,29.2108,-1.0
-81.1067,24.7129,-6.0
-81.3077,28.431,5.0
-81.3392,28.6,0.0
-81.3792,28.5383,-2.0
-81.5998,33.5835,-4.0
-81.6556,30.3322,-1.0
-81.6745,30.3236,-2.0
-81.717,27.8333,-1.0
-81.9846,33.0724,-4.0
-82.0004,33.0668,-7.0
-82.5001,28.7505,-4.0
-83.0002,40.2503,-4.0
-83.1763,42.3223,0.0
-83.2733,42.337,0.0
-83.2785,30.8327,0.0
-83.371,33.899,-1.0
-83.5,47.9167,3.0
-83.8874,32.5538,0.0
-84.371,33.9243,5.0
-84.3744,39.1451,-9.0
-84.3914,39.5114,4.0
-84.45,41.3334,-13.0
-84.4666,36.7334,0.0
-84.5333,39.1834,0.0
-85.0008,32.471,-7.0
-85.3097,35.0456,1.0
-85.3494,34.9942,-2.0
-85.5675,38.2748,1.0
-85.7594,38.2542,-2.0
-86.2683,12.1508,-4.0
-86.3742,35.2831,0.0
-86.6158,38.7187,3.0
-87.1133,37.7742,1.0
-87.6217,41.877,-4.0
-87.9065,43.0389,-4.0
-87.9756,41.7959,-9.0
-88.1175,36.7792,-5.0
-88.2667,36.6334,-1.0
-88.3223,36.6114,3.0
-88.75,17.25,1.0
-89.6385,44.2563,-2.0
-9.23028,53.1997,-1.0
-9.45,51.6833,8.0
-9.5,6.5,-3.0
-9.88333,52.5833,0.0
-90.25,15.5,2.0
-90.5487,30.4291,-1.0
-90.6718,30.8307,0.0
-90.9333,48.7333,3.0
-92.3335,29.6416,-6.0
-92.3809,34.9513,0.0
-93.214,42.0046,0.0
-93.2177,44.7319,-3.0
-93.2556,16.4667,0.0
-93.5333,69.5333,0.0
-93.6166,40.0789,-10.0
-93.7335,36.7334,2.0
-93.738,36.4012,-2.0
-93.7941,45.3055,5.0
-94.2352,40.7147,-5.0
-94.4664,45.2064,-2.0
-94.4667,49.7667,0.0
-94.5461,45.3261,0.0
-94.9569,30.5605,-8.0
-95.1278,47.5972,2.0
-95.1503,42.7333,-2.0
-95.9378,41.2586,0.0
-95.9928,36.154,-3.0
-96.413,31.3585,-8.0
-96.8005,38.5111,-1.0
-96.9561,32.5885,-7.0
-97.0,38.0,0.0
-97.0336,34.4834,-7.0
-97.0544,28.0206,6.0
-97.3964,27.8006,-4.0
-97.5164,35.4676,0.0
-97.7167,52.15,-1.0
-98.2883,41.1289,0.0
-98.517,29.4502,0.0
-98.6837,33.6168,4.0
-98.8,49.4,-7.0
-98.8,51.4333,0.0
-99.25,18.9167,0.0
0.0,49.0,-2.0
0.05,51.65,-5.0
0.116667,51.4,2.0
0.133333,49.5,3.0
0.133333,51.2833,0.0
0.161616,43.8862,-7.0
0.25,50.8,-2.0
0.266667,50.8667,3.0
0.283333,51.1833,-4.0
0.601171,44.569,-2.0
0.633333,51.95,0.0
0.729027,48.8823,0.0
1.0,52.1667,5.0
1.13333,51.3667,3.0
1.25,51.8333,-2.0
1.3,51.9333,6.0
10.0,53.55,-1.0
10.637,35.8254,-3.0
10.9167,48.95,-3.0
100.335,5.41123,-5.0
100.41,5.39085,-2.0
100.431,6.43422,-12.0
101.658,3.5638,-2.0
101.7,3.16667,-1.0
102.135,19.8856,3.0
103.422,34.583,0.0
103.448,4.5141,-3.0
103.453,24.2826,3.0
103.964,1.34167,2.0
104.785,30.8864,0.0
104.864,11.3996,-2.0
104.868,33.2422,0.0
105.0,35.0,0.0
105.48,35.1221,3.0
105.77,-5.97021,-3.0
106.0,16.0,0.0
106.0,37.0,-3.0
106.829,-6.17444,-2.0
107.5,-6.75,0.0
107.917,-2.83333,-1.0
108.618,34.4961,-7.0
108.7,11.1833,0.0
109.05,12.2667,0.0
109.233,12.7333,-4.0
109.496,-7.41361,1.0
109.559,34.344,3.0
11.0039,49.5897,0.0
11.1333,59.2667,0.0
110.0,-7.5,-5.0
110.333,1.55,0.0
112.337,-7.1046,-2.0
112.5,2.5,-2.0
113.186,22.493,-2.0
113.278,22.3063,-1.0
113.55,22.1667,0.0
113.677,-22.694,-1.0
113.948,-22.127,1.0
114.0,1.0,-5.0
114.067,22.45,0.0
114.1,22.35,0.0
114.154,-28.0124,2.0
114.165,-27.7105,0.0
114.25,-22.25,1.0
114.45,-28.4167,-4.0
114.865,-28.5946,-2.0
114.917,-29.2833,-4.0
115.018,-30.4828,0.0
115.035,-34.1321,-3.0
115.045,-21.9956,2.0
115.067,4.71667,7.0
115.217,-8.65,-4.0
115.266,-29.8196,1.0
115.316,-33.7663,-1.0
115.317,28.1249,4.0
115.371,-22.7823,0.0
115.409,-29.0763,0.0
115.417,-33.6333,-4.0
115.492,-29.6954,0.0
115.499,-28.6076,0.0
115.53,-20.4351,0.0
115.648,-33.361,0.0
115.661,-30.6765,0.0
115.685,-31.3465,-1.0
115.695,-33.1483,0.0
115.71,-32.3014,0.0
115.738,-31.8256,-2.0
115.744,-33.5146,0.0
115.746,-31.8272,0.0
115.748,-32.0539,-1.0
115.75,-31.8667,-2.0
115.75,-31.9,2.0
115.75,-32.05,-2.0
115.752,-33.3983,-1.0
115.76,-33.2931,-1.0
115.767,-32.0389,-4.0
115.786,-33.266,0.0
115.808,-31.8122,0.0
115.864,-31.9797,0.0
115.867,-31.95,-2.0
115.879,-33.1446,-5.0
115.898,-32.0517,5.0
115.9,-33.55,0.0
115.904,-31.3472,-1.0
115.908,-31.9793,-1.0
115.922,-32.8432,-4.0
115.941,-31.9564,5.0
115.967,-33.0833,1.0
115.983,-31.5833,0.0
115.983,-32.05,1.0
115.99,-33.7685,0.0
116.0,-31.8,1.0
116.008,-29.2134,-1.0
116.051,-22.1553,0.0
116.095,-29.6768,1.0
116.114,-25.4321,1.0
116.122,-34.6329,3.0
116.138,-31.2125,-4.0
116.167,-31.95,3.0
116.173,-31.895,-5.0
116.35,-31.7667,-1.0
116.391,39.9044,-1.0
116.415,-33.5385,-4.0
116.433,-32.5833,-1.0
116.533,-31.8168,-4.0
116.664,26.694,-1.0
116.809,-20.4865,0.0
116.9,-31.1667,-1.0
117.017,-31.6333,1.0
117.083,-22.8667,2.0
117.5,-31.6667,-1.0
117.552,-34.2976,-1.0
117.683,-29.25,0.0
117.739,-33.3126,0.0
118.082,24.4798,1.0
118.274,-31.4809,3.0
118.3,-21.25,-1.0
118.307,-21.2009,0.0
118.337,31.2728,-1.0
118.444,31.2331,0.0
118.667,-21.1833,-2.0
118.7,-31.3,0.0
118.746,31.2698,2.0
118.769,30.8938,1.0
118.917,-27.1667,0.0
119.133,-32.75,1.0
119.153,-32.8343,-3.0
119.378,-34.3922,-1.0
119.717,-28.2,0.0
119.794,28.0355,2.0
119.913,41.2117,0.0
12.4167,43.7667,8.0
12.45,41.9,3.0
12.5585,49.6725,4.0
12.5954,55.6738,1.0
120.0,-5.0,-1.0
120.19,23.1067,-2.0
120.217,33.8167,0.0
120.729,29.3418,-2.0
120.77,14.5192,0.0
120.897,29.4267,-4.0
120.9,-27.0333,4.0
120.929,14.459,1.0
121.0,23.5,0.0
121.05,-27.1833,3.0
121.067,-30.3667,0.0
121.069,14.659,1.0
121.133,-31.0833,0.0
121.141,31.7867,-2.0
121.15,-30.05,0.0
121.158,-30.439,0.0
121.233,-30.5667,0.0
121.331,-28.8851,0.0
121.417,-28.5833,2.0
121.417,-29.4,3.0
121.458,31.2222,0.0
121.545,25.0792,-4.0
121.567,-31.5,2.0
121.75,-30.2833,3.0
121.75,17.5,-3.0
121.951,29.8604,0.0
122.933,-16.4,6.0
123.0,-33.1667,-1.0
123.4,8.63333,2.0
123.514,-28.0817,1.0
123.591,-16.0855,1.0
123.64,10.1061,-7.0
123.683,-9.8,0.0
123.967,45.2333,0.0
124.173,-18.0475,0.0
124.269,-18.1214,2.0
125.579,-14.1425,-1.0
125.613,7.07306,-2.0
125.755,39.0194,-3.0
126.0,-10.5,1.0
126.321,-8.73308,0.0
126.56,43.8508,-2.0
126.85,-17.2667,0.0
126.901,-8.36167,0.0
127.0,40.0,-2.0
127.118,34.721,-1.0
127.5,37.0,0.0
127.926,26.9967,3.0
129.336,42.7683,0.0
129.601,43.2894,2.0
129.717,-15.2,3.0
129.723,33.1592,0.0
13.0,11.5,-1.0
13.1333,58.3833,-1.0
130.535,-13.2044,2.0
130.817,-17.15,1.0
130.83,-12.445,1.0
130.834,-12.4389,-1.0
130.85,-12.4167,-2.0
130.974,-12.4759,1.0
131.166,-25.2892,1.0
131.583,-29.75,-1.0
131.667,34.2167,2.0
131.855,-11.203,-4.0
132.199,-14.5181,1.0
132.673,-12.2712,0.0
132.78,-23.942,1.0
132.831,-12.6756,-4.0
133.733,-23.8167,-4.0
133.883,-21.55,-4.0
133.884,-23.6975,-1.0
134.0,-20.0,-1.0
134.212,-32.7992,5.0
134.223,-12.0511,-4.0
134.383,-25.5,-2.0
134.583,-28.5,2.0
134.75,-27.9333,0.0
134.759,-28.9974,2.0
134.985,-30.8801,-6.0
135.233,34.35,2.0
135.45,-14.7167,-4.0
135.472,35.5417,2.0
135.5,35.0,-1.0
135.743,-11.9592,7.0
135.75,35.0,1.0
135.862,-34.6286,5.0
135.874,-34.7262,0.0
135.948,-18.6395,2.0
136.472,-35.1198,-1.0
136.6,-13.9333,-1.0
136.7,-36.0667,4.0
136.782,-12.1865,0.0
136.917,35.1667,3.0
137.141,36.3275,0.0
137.15,-32.9833,1.0
137.164,-30.4497,0.0
137.25,-35.0833,0.0
137.319,-35.9958,-2.0
137.367,-32.6833,0.0
137.526,-36.1082,-3.0
137.639,-35.6559,2.0
137.65,-35.1167,-1.0
137.773,-32.496,-1.0
137.827,-35.1177,0.0
137.833,-32.5167,-5.0
137.9,-34.45,3.0
138.0,-19.0,1.0
138.12,-19.9215,-1.0
138.218,-33.7808,-1.0
138.4,-17.3167,1.0
138.405,-30.5931,0.0
138.411,-34.1454,-1.0
138.45,-35.4,6.0
138.467,-34.85,-2.0
138.487,-34.8746,-3.0
138.497,-34.8042,-2.0
138.5,-34.9333,-3.0
138.505,-35.0833,-1.0
138.519,-34.8542,0.0
138.531,-34.7918,0.0
138.533,-33.4667,0.0
138.55,-34.8833,0.0
138.55,-35.4833,0.0
138.554,-35.2713,0.0
138.555,-34.9909,-6.0
138.583,-18.5833,2.0
138.583,-34.7167,-2.0
138.586,-32.638,-3.0
138.6,-34.9333,0.0
138.6,-34.95,0.0
138.6,-35.5833,0.0
138.604,-34.9197,0.0
138.605,-33.2053,1.0
138.609,-34.9269,1.0
138.617,-34.9825,-3.0
138.633,-35.4333,1.0
138.664,-34.963,-9.0
138.679,-34.6811,3.0
138.733,-34.9833,-1.0
138.748,-34.1551,5.0
138.75,-34.6,-2.0
138.75,-35.2333,-5.0
138.767,-35.45,0.0
138.826,-34.9909,-2.0
138.833,-34.65,2.0
138.833,-34.8167,0.0
138.875,-34.9045,0.0
138.983,-35.2333,0.0
139.367,-35.3667,0.0
139.433,-35.2667,0.0
139.497,-20.7252,0.0
139.548,-17.7411,-2.0
139.55,38.3,-3.0
139.783,-23.5,0.0
139.95,-34.7,1.0
139.986,-34.1818,-7.0
14.1936,36.0525,4.0
14.5144,46.0553,5.0
14.5147,35.8997,-1.0
140.017,-36.95,-3.0
140.403,40.8036,0.0
140.567,-18.0,0.0
140.617,-34.7167,-1.0
140.667,-20.6,0.0
140.717,-34.6167,2.0
140.733,-27.75,-6.0
140.746,-34.1748,-3.0
140.817,-37.3,0.0
140.837,-37.3752,-1.0
141.297,-37.0365,-1.0
141.46,-31.9617,0.0
141.483,-38.25,3.0
141.552,-22.3514,1.0
141.767,-37.4333,5.0
141.8,-38.1167,2.0
141.833,-20.5333,0.0
142.033,-36.4562,1.0
142.084,-34.1975,-1.0
142.1,-34.35,0.0
142.117,-10.2,0.0
142.163,-34.1855,0.0
142.167,-35.9167,-1.0
142.217,-34.2667,0.0
142.218,-10.585,0.0
142.22,-10.5808,-1.0
142.383,-32.75,-10.0
142.383,-35.1833,0.0
142.4,-22.45,2.0
142.4,-38.3,0.0
142.417,-35.3333,0.0
142.483,-37.6333,0.0
142.5,-12.0,-1.0
142.5,-37.0333,7.0
142.5,-38.25,-3.0
142.52,-37.1366,0.0
142.567,-10.7333,-3.0
142.617,-17.1833,0.0
142.632,-36.6285,1.0
142.65,-25.4333,0.0
142.734,46.9581,1.0
142.75,-37.75,0.0
142.772,-34.5836,-6.0
142.924,-3.61503,1.0
142.98,-38.4843,0.0
142.983,-37.85,1.0
143.0,-25.0,0.0
143.046,-38.6354,1.0
143.15,-38.2339,0.0
143.167,-26.3,-2.0
143.199,-13.9456,-3.0
143.227,-36.0776,3.0
143.283,-20.5167,1.0
143.283,-38.65,0.0
143.317,-37.8333,0.0
143.35,-20.6833,1.0
143.351,-32.5318,-8.0
143.377,-31.5603,0.0
143.5,-16.9833,2.0
143.517,-37.2667,0.0
143.533,-38.5167,0.0
143.563,-34.6394,0.0
143.6,-37.7167,-1.0
143.633,-37.6167,-2.0
143.717,-23.0333,7.0
143.75,-38.4667,-2.0
143.836,-36.744,0.0
143.872,-35.7265,-1.0
143.876,-9.1425,-3.0
143.901,-34.7152,0.0
143.967,-37.6333,-11.0
144.05,-39.89,-2.0
144.057,-38.1009,0.0
144.067,-36.6833,2.0
144.1,-37.2,3.0
144.117,-37.0333,0.0
144.133,-36.7333,2.0
144.2,-20.844,2.0
144.217,-36.65,3.0
144.219,-35.807,1.0
144.26,-14.18,-9.0
144.326,-38.3308,-1.0
144.333,-38.25,4.0
144.35,-22.0833,0.0
144.35,-38.1333,-2.0
144.4,-17.1167,2.0
144.417,-36.65,0.0
144.5,-23.5,2.0
144.583,-35.9167,5.0
144.617,-38.1333,-4.0
144.683,-37.9833,2.0
144.7,-36.7167,-2.0
144.717,-19.3,-1.0
144.736,-37.2773,-1.0
144.75,-37.4333,-2.0
144.75,-37.8167,-5.0
144.752,-36.1406,1.0
144.767,-37.7,0.0
144.767,-38.3771,3.0
144.8,-37.9167,0.0
144.817,-35.2167,0.0
144.833,-36.1,-3.0
144.833,-37.7167,-7.0
144.883,-37.7833,-1.0
144.891,-38.1074,-1.0
144.9,-37.85,0.0
144.917,-37.7833,-5.0
144.933,-37.7,-2.0
144.933,-37.7833,-3.0
144.94,-40.46,-1.0
144.95,-23.5333,-3.0
144.96,-35.5274,0.0
144.967,-37.7167,-1.0
144.967,-37.7833,-7.0
144.967,-37.8,-1.0
144.983,-36.3982,2.0
144.983,-37.8333,-2.0
145.0,-37.0,-1.0
145.0,-37.75,0.0
145.0,-37.8333,0.0
145.033,-17.5167,0.0
145.034,-37.9367,-3.0
145.04,-36.9949,-3.0
145.047,-38.4263,2.0
145.05,-37.7,-6.0
145.05,-37.7667,0.0
145.05,-37.8333,1.0
145.05,-37.9167,0.0
145.067,-37.6667,-3.0
145.067,-37.8833,0.0
145.069,-37.9958,5.0
145.096,-37.6007,0.0
145.1,-37.0937,0.0
145.1,-37.65,-1.0
145.1,-37.7,-2.0
145.1,-37.8167,1.0
145.1,-38.0333,0.0
145.117,-37.7333,-6.0
145.117,-37.75,-1.0
145.118,-37.5115,0.0
145.124,-40.8425,-8.0
145.133,-37.7833,0.0
145.15,-25.85,0.0
145.15,-37.6667,5.0
145.15,-37.7333,0.0
145.167,-37.7833,-5.0
145.167,-38.1667,-1.0
145.2,-36.7167,-1.0
145.235,-38.203,-6.0
145.25,-15.4703,0.0
145.25,-37.8333,0.0
145.25,-38.0333,-7.0
145.285,-23.5535,2.0
145.3,-37.8833,-1.0
145.3,-40.75,0.0
145.317,-19.4167,0.0
145.365,-38.3582,-2.0
145.396,-36.3901,4.0
145.4,-22.7333,0.0
145.417,-16.3333,0.0
145.423,-16.995,1.0
145.428,-38.4141,-2.0
145.442,-36.0885,1.0
145.45,-37.7333,1.0
145.538,-41.7794,0.0
145.544,-17.2144,-2.0
145.58,-42.97,0.0
145.596,-17.3517,1.0
145.641,-35.9207,-2.0
145.667,-16.75,0.0
145.684,-28.0677,0.0
145.687,-36.0759,1.0
145.723,-38.6266,-5.0
145.75,-30.55,-1.0
145.768,-38.1128,-1.0
145.783,-16.8667,2.0
145.783,-17.0833,-2.0
145.783,-5.8049,3.0
145.833,-38.3833,0.0
145.933,-38.3167,2.0
145.95,-37.9667,0.0
145.983,-38.6667,-2.0
146.0,-18.2667,3.0
146.05,-18.65,-3.0
146.05,-35.75,-8.0
146.083,-36.8,0.0
146.117,-35.1333,0.0
146.182,-41.1603,-1.0
146.218,-34.1318,-5.0
146.258,-24.8819,-2.0
146.328,-38.6629,4.0
146.333,-36.05,0.0
146.35,-19.4333,0.0
146.352,-41.1769,-1.0
146.367,-37.6833,-1.0
146.398,-37.7271,2.0
146.4,-21.0,3.0
146.4,-42.3,7.0
146.418,-34.5652,-1.0
146.45,-42.2,2.0
146.461,-36.056,2.0
146.479,-37.9176,0.0
146.517,-36.3,0.0
146.542,-38.1953,1.0
146.583,-42.7667,-2.0
146.6,-19.2167,-3.0
146.689,-38.6651,-5.0
146.73,-41.89,3.0
146.74,-39.37,-1.0
146.767,-34.3333,-4.0
146.77,-41.89,0.0
146.8,-19.2833,0.0
146.817,-41.25,-2.0
146.833,-18.0,-1.0
146.833,-19.3167,2.0
146.833,-22.7333,-3.0
146.899,-34.3558,7.0
146.9,-31.25,0.0
146.9,-41.2167,-1.0
146.9,-41.6667,0.0
146.901,-36.0652,-7.0
146.917,-34.7667,-9.0
146.928,-43.1641,2.0
146.951,-36.1396,-1.0
147.017,-28.6833,-1.0
147.017,-36.2667,-3.0
147.033,-41.8,2.0
147.048,-43.0312,-1.0
147.059,-42.7808,-4.0
147.13,-42.88,-1.0
147.15,-35.75,3.0
147.188,-31.5609,0.0
147.233,-32.2833,-8.0
147.283,-43.1167,0.0
147.298,-42.8088,-1.0
147.32,-42.86,2.0
147.33,-42.88,0.0
147.333,-41.6333,-5.0
147.333,-42.55,2.0
147.333,-42.8833,0.0
147.338,-42.8881,3.0
147.354,-35.1258,0.0
147.367,-33.6833,3.0
147.367,-42.303,-2.0
147.367,-43.05,1.0
147.371,-35.1168,1.0
147.387,-35.136,-4.0
147.416,-43.0288,3.0
147.45,-34.6,2.0
147.483,-24.4333,-1.0
147.54,-38.0412,-1.0
147.566,-32.6311,4.0
147.583,-20.05,2.0
147.595,-37.0961,0.0
147.615,-9.15642,2.0
147.617,-42.8333,0.0
147.733,-35.05,2.0
147.736,-35.2774,1.0
147.75,-33.8333,0.0
147.783,-41.2333,-3.0
147.8,-42.7667,-2.0
147.844,-20.5522,0.0
147.85,-34.8833,-2.0
147.91,-39.83,3.0
147.933,-33.55,-1.0
147.967,-21.8333,-2.0
147.967,-22.4833,0.0
148.028,-34.6409,0.0
148.083,-20.8167,-3.0
148.117,-30.0,-1.0
148.151,-33.8985,2.0
148.225,-35.3002,-1.0
148.241,-32.2312,0.0
148.256,-41.4608,-2.0
148.267,-25.5333,1.0
148.3,-41.14,-1.0
148.304,-35.5774,4.0
148.305,-41.8759,0.0
148.333,-36.5,0.0
148.417,-34.25,1.0
148.457,-37.6964,0.0
148.467,-31.4333,4.0
148.5,-29.9667,-3.0
148.533,-37.8,0.0
148.585,-32.2485,-4.0
148.617,-20.3333,-1.0
148.629,-21.1404,-1.0
148.664,-33.5625,-4.0
148.697,-33.8355,1.0
148.716,-20.2672,0.0
148.733,-35.4,0.0
148.743,-33.2799,-5.0
148.775,-35.4857,4.0
148.786,-20.2992,0.0
148.9,-21.0333,0.0
148.9,-30.35,0.0
148.901,-34.8318,1.0
148.917,-28.2333,0.0
148.96,-20.3421,1.0
148.967,-28.1333,-4.0
148.972,-21.2647,1.0
148.983,-36.5333,-6.0
148.998,-28.9779,1.0
149.017,-21.0,0.0
149.018,-31.2318,2.0
149.05,-33.1167,-3.0
149.083,-35.2167,0.0
149.085,-35.0985,-2.0
149.122,-35.2895,0.0
149.126,-36.2347,-3.0
149.133,-35.2167,0.0
149.147,-21.2199,-1.0
149.152,-33.3993,-1.0
149.159,-35.2694,1.0
149.183,-21.0833,0.0
149.187,-26.5827,-1.0
149.2,-21.1833,-1.0
149.217,-35.2833,0.0
149.225,-21.075,0.0
149.232,-35.3549,0.0
149.233,-33.4,-1.0
149.25,-35.0333,0.0
149.279,-31.2773,-2.0
149.284,-36.5119,-5.0
149.333,-35.1667,-3.0
149.417,-25.75,1.0
149.417,-36.3667,-1.0
149.546,-33.4874,0.0
149.572,-36.6289,-5.0
149.65,-35.0667,-1.0
149.721,-34.7515,-1.0
149.784,-30.3261,1.0
149.8,-23.8333,0.0
149.8,-27.1167,-2.0
149.801,-33.5818,-4.0
149.822,-21.8306,-2.0
149.883,-27.3333,0.0
149.967,-36.6167,2.0
15.0,62.0,0.0
150.033,-20.9,-4.0
150.033,-22.1,5.0
150.041,-30.7095,3.0
150.051,-36.4985,2.0
150.1,-25.4333,4.0
150.1,-36.2167,4.0
150.133,-26.9333,1.0
150.133,-30.1333,-2.0
150.175,-35.7066,0.0
150.258,-30.9806,0.0
150.286,-33.6326,4.0
150.3,-29.1333,-8.0
150.307,-28.5464,0.0
150.312,-33.713,0.0
150.371,-34.5537,-3.0
150.389,-23.6453,-6.0
150.417,-31.4,1.0
150.467,-22.35,-5.0
150.47,-34.4351,0.0
150.485,-28.6652,-1.0
150.5,-27.5,-1.0
150.517,-30.8333,1.0
150.533,-33.5,-1.0
150.533,-35.05,1.0
150.537,-34.7381,2.0
150.567,-23.3833,1.0
150.583,-23.4,-5.0
150.593,-33.8818,-4.0
150.595,-34.2225,0.0
150.6,-34.8842,2.0
150.6,-34.9667,0.0
150.635,-30.0318,0.0
150.65,-23.6667,2.0
150.65,-33.838,-2.0
150.685,-33.7652,-2.0
150.689,-33.8785,-2.0
150.717,-23.1333,0.0
150.717,-34.1,-3.0
150.733,-34.0333,-1.0
150.75,-22.9333,0.0
150.75,-23.2333,0.0
150.751,-28.5725,0.0
150.766,-34.573,2.0
150.767,-29.75,-1.0
150.767,-34.7167,0.0
150.783,-34.5667,0.0
150.801,-34.0818,4.0
150.817,-23.7167,0.0
150.825,-23.2584,1.0
150.85,-31.35,1.0
150.875,-34.4867,-9.0
150.888,-34.485,-4.0
150.89,-32.2612,1.0
150.9,-33.9149,1.0
150.901,-33.9818,1.0
150.901,-34.4318,-3.0
150.917,-34.3167,-1.0
150.928,-33.7513,2.0
150.933,-33.7833,-1.0
150.95,-33.8,0.0
150.95,-34.2833,2.0
150.968,-34.2254,1.0
150.979,-23.8121,-1.0
150.983,-33.3833,1.0
150.983,-33.8333,-3.0
151.001,-33.8485,2.0
151.008,-33.7902,2.0
151.009,-33.6018,2.0
151.017,-33.95,-4.0
151.033,-28.8,-4.0
151.033,-34.0167,-2.0
151.05,-33.9667,-6.0
151.068,-33.9985,-1.0
151.074,-33.7568,0.0
151.076,-33.7985,-1.0
151.083,-33.9667,-4.0
151.085,-33.7749,0.0
151.085,-33.8985,0.0
151.1,-33.9667,-1.0
151.101,-33.7818,-3.0
151.101,-33.8985,-9.0
151.11,-33.8652,0.0
151.117,-30.7667,-2.0
151.117,-33.7333,0.0
151.117,-33.8833,-2.0
151.123,-25.3706,1.0
151.126,-33.9068,1.0
151.133,-34.05,-1.0
151.15,-33.75,3.0
151.15,-33.9833,-2.0
151.15,-34.05,-1.0
151.166,-33.8328,3.0
151.172,-33.8474,0.0
151.175,-33.9389,-2.0
151.176,-33.9068,0.0
151.183,-33.3,1.0
151.183,-33.9,0.0
151.185,-33.8985,0.0
151.2,-33.7333,0.0
151.2,-33.8833,-1.0
151.201,-33.8318,-2.0
151.201,-33.9068,0.0
151.208,-33.7667,-1.0
151.217,-33.8667,0.0
151.225,-33.549,0.0
151.226,-33.9235,1.0
151.233,-33.5333,-4.0
151.233,-33.6833,7.0
151.235,-33.9152,2.0
151.239,-33.8708,0.0
151.25,-33.8667,0.0
151.25,-33.8,0.0
151.25,-33.8667,0.0
151.267,-33.7,0.0
151.276,-33.8902,0.0
151.283,-32.85,1.0
151.285,-33.7985,1.0
151.3,-33.6667,-1.0
151.3,-33.7333,5.0
151.3,-33.75,0.0
151.317,-24.0167,-1.0
151.318,-33.6485,0.0
151.333,-33.4667,0.0
151.335,-33.4318,0.0
151.356,-32.8321,-1.0
151.383,-33.4333,1.0
151.385,-33.3985,0.0
151.417,-33.0667,1.0
151.45,-30.1333,-4.0
151.454,-33.0762,-1.0
151.467,-32.0,-2.0
151.467,-33.3667,0.0
151.479,-32.8193,-5.0
151.497,-33.0814,-5.0
151.537,-32.4273,-5.0
151.585,-32.7318,-3.0
151.598,-33.0718,-3.0
151.617,-32.7333,5.0
151.617,-32.95,-3.0
151.633,-32.7333,-2.0
151.668,-33.0374,0.0
151.7,-32.8667,-6.0
151.718,-29.7318,-1.0
151.738,-29.7348,0.0
151.75,-32.7667,1.0
151.751,-32.7595,-2.0
151.767,-27.05,3.0
151.768,-32.9402,1.0
151.783,-32.9333,0.0
151.785,-32.9318,0.0
151.793,-32.9235,-5.0
151.814,-27.4756,0.0
151.85,-26.7667,0.0
151.867,-25.4833,-3.0
151.872,-26.3177,1.0
151.883,-27.4833,2.0
151.9,-27.8667,0.0
151.952,-26.2919,-3.0
151.967,-27.5333,-2.0
151.968,-32.0152,5.0
152.037,-32.7316,-2.0
152.069,-26.1838,-2.0
152.17,-32.7432,1.0
152.176,-4.21389,2.0
152.3,-29.85,-3.0
152.367,-27.7333,0.0
152.376,-27.0866,0.0
152.467,-27.5667,-2.0
152.467,-31.45,0.0
152.471,-32.2419,-6.0
152.483,-31.9,0.0
152.517,-26.2167,1.0
152.533,-27.9833,-4.0
152.55,-25.7833,-1.0
152.55,-25.8667,-3.0
152.55,-31.5167,0.0
152.594,-25.3453,0.0
152.658,-26.1892,0.0
152.667,-25.6833,-3.0
152.667,-25.75,1.0
152.717,-29.95,-5.0
152.76,-25.2831,1.0
152.766,-25.2944,0.0
152.783,-26.3167,1.0
152.785,-31.6652,4.0
152.8,-25.3167,3.0
152.8,-27.55,0.0
152.8,-27.6167,0.0
152.833,-25.3,1.0
152.833,-26.1667,0.0
152.833,-27.3333,0.0
152.864,-28.2108,2.0
152.874,-25.2905,0.0
152.878,-29.6779,0.0
152.883,-30.3833,4.0
152.9,-27.6167,-1.0
152.913,-25.4155,0.0
152.913,-26.417,0.0
152.917,-28.6667,2.0
152.92,-30.7078,-2.0
152.933,-27.9833,2.0
152.95,-27.0167,-2.0
152.95,-29.0833,0.0
152.95,-29.65,0.0
152.953,-26.8976,0.0
152.956,-26.5616,0.0
152.959,-26.6261,0.0
152.967,-26.9667,-3.0
152.967,-27.5667,1.0
152.979,-30.0534,2.0
152.983,-27.35,-5.0
152.983,-27.5333,1.0
152.994,-25.9864,-2.0
153.0,-28.2167,-3.0
153.006,-25.9165,0.0
153.017,-26.7667,-1.0
153.017,-27.4333,1.0
153.017,-27.45,1.0
153.027,-27.8312,0.0
153.03,-29.6313,0.0
153.033,-27.5833,0.0
153.034,-26.391,0.0
153.039,-30.8885,6.0
153.049,-27.5437,-1.0
153.05,-27.3667,1.0
153.05,-27.4333,-2.0
153.05,-27.5833,0.0
153.057,-26.6844,0.0
153.067,-25.8167,-4.0
153.067,-26.4,0.0
153.067,-28.95,-1.0
153.079,-27.0611,-1.0
153.083,-27.3333,-1.0
153.089,-26.4492,0.0
153.09,-26.374,1.0
153.098,-27.0322,1.0
153.113,-26.4067,0.0
153.132,-26.706,-2.0
153.133,-27.5667,-5.0
153.135,-30.3152,0.0
153.142,-26.8042,0.0
153.15,-26.7,1.0
153.151,-30.2152,2.0
153.167,-26.8167,-3.0
153.167,-27.45,-2.0
153.167,-30.0167,0.0
153.168,-27.6258,0.0
153.191,-30.1125,1.0
153.217,-27.6833,2.0
153.217,-27.75,0.0
153.233,-29.3833,-1.0
153.233,-29.487,0.0
153.25,-28.4667,-4.0
153.267,-27.5333,-1.0
153.268,-28.3985,1.0
153.282,-28.9933,0.0
153.3,-27.9,2.0
153.317,-28.35,0.0
153.327,-27.5751,0.0
153.329,-27.9258,0.0
153.35,-28.05,0.0
153.36,-29.4354,0.0
153.367,-28.7,2.0
153.401,-27.1686,2.0
153.42,-27.9969,-8.0
153.422,-27.8333,-1.0
153.433,-28.0167,0.0
153.44,-28.8419,-1.0
153.454,-27.5886,-1.0
153.5,-28.15,-3.0
153.517,-28.1667,0.0
153.517,-28.6167,0.0
153.533,-28.8833,0.0
153.55,-28.1667,3.0
153.567,-28.2167,0.0
153.572,-28.6093,0.0
153.577,-28.3627,0.0
153.594,-28.7931,0.0
153.617,-28.6667,5.0
153.635,-28.6318,0.0
155.485,-6.31639,-3.0
159.0,-8.0,0.0
159.083,-31.5333,4.0
16.9008,42.7681,1.0
166.85,-45.2833,0.0
167.4,-47.2333,-1.0
168.0,-45.6667,2.0
168.35,-45.95,2.0
169.117,-43.8,0.0
169.133,-44.5,2.0
169.5,-45.25,1.0
17.0,-22.0,0.0
17.6333,59.85,-1.0
170.667,-45.8667,0.0
171.333,-42.25,-2.0
172.567,-43.3667,2.0
172.733,-43.5667,0.0
173.267,-35.1167,0.0
174.0,-41.0,0.0
174.8,-36.8167,-2.0
174.8,-36.9667,-1.0
174.85,-41.1333,-3.0
175.083,-40.9,-2.0
175.1,-36.8,3.0
175.433,-40.4333,-2.0
175.5,-38.0,1.0
175.867,-37.2,-10.0
176.083,-37.6833,2.0
176.217,-37.9,0.0
177.4,-38.6167,0.0
177.5,-18.0,2.0
177.633,-17.8,0.0
178.583,-17.65,3.0
179.333,-16.7833,0.0
18.4167,-33.9167,0.0
18.5,57.2,1.0
18.7472,45.4981,-4.0
19.0772,44.9267,-1.0
19.3,42.5,-1.0
19.5,48.6667,0.0
2.11667,13.5167,-6.0
2.68985,50.0546,-2.0
2.84665,44.6846,0.0
2.8534,50.607,-2.0
2.91185,51.2234,-2.0
20.2183,-26.8142,0.0
20.4681,44.8186,0.0
20.75,43.75,0.0
20.8953,37.7914,3.0
21.0,52.25,0.0
21.1591,-26.9141,3.0
21.2208,42.4656,0.0
21.4078,38.6214,-1.0
22.0,41.8333,-1.0
22.5,31.0,0.0
24.0,-29.0,0.0
24.0,56.0,0.0
24.7026,-28.9313,-4.0
25.0,43.0,-1.0
25.0,46.0,0.0
25.2759,-26.6173,-2.0
25.2948,-17.7809,-3.0
25.4592,36.3956,1.0
25.5667,41.7667,0.0
25.6473,-33.9725,3.0
25.8272,-31.0874,0.0
26.0,-29.0,-4.0
26.1333,-30.9167,-1.0
26.5587,41.6757,-3.0
27.0145,-30.6428,-6.0
27.1736,-30.651,1.0
27.5667,53.9,-1.0
27.7114,-26.2062,-3.0
27.7802,-25.6347,-3.0
27.8667,-26.2667,4.0
28.2294,-25.7069,-3.0
28.4,-32.0333,1.0
28.9647,41.0186,-1.0
29.0,-32.0,0.0
29.25,47.3333,-2.0
29.4551,-31.2895,1.0
29.5799,-1.4623,1.0
29.7667,62.6,1.0
3.0,28.0,0.0
3.0,55.3333,2.0
3.39583,6.45306,-1.0
3.53642,45.4368,0.0
3.89401,6.86385,2.0
3.89639,7.38778,-1.0
30.0,-15.0,-4.0
30.0,8.0,-3.0
30.188,-29.1283,-1.0
30.2642,59.8944,0.0
30.3556,36.4655,-4.0
30.5667,-22.8,-3.0
30.5679,-20.5474,2.0
31.0167,-29.85,-2.0
31.0476,-17.7637,4.0
31.238,30.0474,-2.0
31.2394,30.0383,-1.0
31.2848,-22.4561,-4.0
31.4971,-29.2251,-4.0
31.6605,-19.9735,-6.0
31.8542,-19.9954,0.0
32.0,1.0,1.0
32.0302,-17.8603,2.0
32.4167,34.7667,-1.0
32.4469,0.064444,-1.0
32.5892,-25.9653,-3.0
32.65,-0.1,0.0
32.7867,39.9675,0.0
33.0,35.0,0.0
33.7833,-13.9833,-1.0
33.9256,1.00389,5.0
34.3333,-4.76667,-1.0
34.4167,49.3833,0.0
34.5715,31.6693,-3.0
34.7617,-0.10221,-2.0
35.0,-18.25,-1.0
35.0,-6.0,0.0
35.0,39.0,-2.0
35.1,31.5333,-10.0
35.8333,33.8333,-3.0
36.3,33.5,-1.0
36.5695,32.709,-7.0
36.6339,35.9306,-3.0
36.6833,-3.36667,0.0
36.7768,-1.85238,0.0
37.0,5.0,-5.0
37.0231,-0.410736,-6.0
37.2435,41.0118,-3.0
37.6156,55.7522,-1.0
37.955,36.5282,-4.0
38.4667,7.05,4.0
39.4753,13.4967,-2.0
39.7863,40.3522,1.0
39.8,-5.16667,-1.0
4.0,50.8333,-1.0
4.0,8.0,-3.0
4.18333,7.05,4.0
4.33333,50.8333,-1.0
4.84511,43.3329,4.0
41.3667,43.0333,3.0
42.3772,34.1348,-6.0
43.2953,35.7988,-4.0
43.3078,33.4206,0.0
43.7408,37.5744,-4.0
44.0,33.0,-2.0
44.25,-12.1667,-7.0
44.4116,32.5312,-4.0
44.5136,40.1811,-1.0
45.2689,31.083,-4.0
45.9789,33.1236,-6.0
46.0,9.0,-4.0
46.7728,24.6408,0.0
47.3,31.75,-5.0
47.5,40.5,-2.0
47.6581,29.3375,-2.0
47.8559,30.1698,-3.0
49.0,10.0,-4.0
49.3129,-12.0062,0.0
49.5333,34.0167,0.0
49.8822,40.3953,0.0
5.09106,50.9232,0.0
5.21501,44.4244,1.0
5.25,7.66667,3.0
5.27889,44.1767,-1.0
5.75,58.9667,2.0
50.2055,30.6693,-4.0
50.55,26.0,-6.0
51.5148,35.75,-4.0
51.5333,25.2867,3.0
52.3269,27.8279,-1.0
53.0,32.0,-1.0
53.8651,80.3365,0.0
54.298,27.6623,-2.0
55.45,-4.61667,-8.0
57.55,-20.2833,-1.0
58.965,37.2638,-5.0
6.56667,9.28333,0.0
6.75,7.75,-5.0
6.83333,4.75,-2.0
6.8941,47.6359,0.0
61.4297,55.1544,-3.0
64.3052,34.1074,0.0
65.6436,28.4785,-2.0
66.6325,32.9277,-1.0
67.5551,34.0237,-6.0
68.0,48.0,-4.0
68.7739,38.56,4.0
69.8708,38.7826,0.0
7.01171,46.3425,-2.0
7.1,50.7333,0.0
7.10771,46.9697,1.0
7.13672,43.5599,-4.0
7.46667,46.9167,-1.0
70.0,30.0,-3.0
70.0,33.0,-4.0
70.3026,56.1675,0.0
71.082,34.131,-2.0
71.25,26.1833,0.0
71.4278,51.1811,0.0
71.4753,30.1956,-5.0
72.042,35.6983,-1.0
72.1502,34.796,-6.0
72.6167,23.0333,1.0
72.8164,34.945,-5.0
72.8258,18.975,-1.0
72.9,20.9667,1.0
73.1667,33.7,-3.0
73.7667,15.35,-2.0
73.8667,18.5333,1.0
74.75,34.1667,-4.0
74.8656,31.6331,-5.0
74.8667,32.7333,-2.0
75.1667,20.0167,0.0
76.0,13.5,0.0
76.4003,30.3267,0.0
76.6667,33.9167,-3.0
76.7667,18.1,-4.0
77.0,20.0,0.0
77.4,23.2667,5.0
77.9667,24.6333,1.0
78.3327,24.0911,-4.0
78.4744,17.3753,0.0
79.65,10.5833,-8.0
8.65,63.7333,2.0
80.75,27.25,-8.0
81.0,7.0,-1.0
81.5667,6.23333,2.0
81.6667,18.4,-3.0
83.0536,27.5445,-7.0
83.5642,71.6983,1.0
83.7167,20.6167,3.0
84.0,27.6667,-1.0
84.0,28.0,-1.0
85.5167,25.1833,-3.0
88.3697,22.5697,1.0
88.5333,43.75,0.0
89.3667,24.85,-8.0
9.25,47.7333,1.0
9.31667,48.9167,0.0
9.55,54.5167,-1.0
90.0,24.0,-2.0
90.4086,23.7231,-3.0
92.106,28.406,0.0
96.0833,22.0,1.0
96.15,16.9167,4.0
96.2529,5.2489,-4.0
99.5501,14.0032,-5.0
