-118.201,34.3667	0.0
-123.233,49.3	0.0
-92.3809,34.9513	-1.0
-97.0,38.0	0.0
-98.2883,41.1289	-2.0
105.0,35.0	0.0
106.0,16.0	0.0
117.25,-33.0667	-2.0
127.5,37.0	0.0
132.529,-31.9716	2.0
134.0,-20.0	2.0
135.874,-34.7262	0.0
138.6,-34.9333	-4.0
139.367,-35.3667	-2.0
146.833,-18.0	-2.0
149.217,-35.2833	0.0
149.225,-21.075	0.0
149.8,-27.1167	-2.0
149.816,-24.1745	0.0
150.5,-27.5	1.0
151.3,-33.7333	-4.0
151.35,-23.9333	0.0
151.783,-32.9333	-3.0
152.658,-26.1892	0.0
152.9,-27.6167	-2.0
153.217,-27.75	-2.0
