-0.083333,51.5333,-1.0
-0.109466,51.4163,2.0
-0.133333,51.5,0.0
-0.15,50.8333,2.0
-0.196524,51.5207,-8.0
-0.283333,51.7167,1.0
-0.3,51.3833,0.0
-0.433333,52.5167,0.0
-0.624794,49.3382,0.0
-0.766667,51.6333,3.0
-0.9,54.1167,0.0
-1.03333,51.5667,3.0
-1.08333,51.2667,2.0
-1.25,51.6,2.0
-1.31405,51.7823,2.0
-1.5,50.9833,0.0
-1.53333,53.9833,3.0
-1.58333,52.3333,1.0
-1.58333,53.7,-3.0
-1.62793,14.1012,-3.0
-1.7,52.1833,0.0
-1.88333,50.7167,-10.0
-1.91667,52.45,0.0
-1.91667,54.5333,2.0
-1.93333,52.0833,2.0
-10.3617,51.8861,0.0
-100.033,50.1167,0.0
-101.0,39.0,1.0
-101.675,32.167,0.0
-102.0,23.0,0.0
-102.467,21.9583,1.0
-105.701,41.6666,-10.0
-106.487,31.7587,0.0
-106.533,51.7833,0.0
-106.667,52.1333,-5.0
-107.209,42.7475,0.0
-107.648,37.8906,2.0
-108.483,59.45,0.0
-110.683,50.0333,0.0
-110.88,32.2525,-1.0
-111.383,28.6,-6.0
-111.626,40.1244,-6.0
-111.854,40.1135,-1.0
-112.003,32.0004,0.0
-112.298,40.5308,-6.0
-112.501,33.5,-5.0
-113.317,53.5167,-3.0
-113.967,50.7167,-1.0
-113.994,46.8721,0.0
-114.083,51.0833,2.0
-114.51,44.2394,1.0
-114.922,32.6,-7.0
-116.313,34.1347,5.0
-117.044,47.0893,-1.0
-117.324,34.7439,-4.0
-117.71,34.1061,4.0
-117.823,33.6695,-2.0
-118.0,65.0,2.0
-118.327,34.0983,0.0
-118.518,34.3861,-4.0
-118.844,43.2657,-4.0
-118.934,46.5165,0.0
-119.059,34.3542,-4.0
-119.35,50.3667,0.0
-119.746,36.17,0.0
-119.772,36.7477,-3.0
-119.918,46.6612,0.0
-120.333,50.6667,1.0
-120.834,44.2998,-2.0
-121.494,38.5816,-1.0
-121.521,38.5191,-9.0
-121.868,39.066,2.0
-122.127,44.5672,-2.0
-122.65,49.1,-5.0
-122.783,49.2667,-3.0
-122.951,37.7123,1.0
-122.974,38.3452,1.0
-123.083,49.0167,4.0
-123.367,48.55,0.0
-123.383,49.3833,0.0
-123.417,48.4333,0.0
-123.805,39.4457,0.0
-125.25,50.0167,3.0
-13.2653,8.49361,0.0
-133.7,68.35,0.0
-135.233,59.7,1.0
-137.683,60.8167,-3.0
-138.833,63.4833,0.0
-149.833,-17.5333,0.0
-155.996,20.7856,-5.0
-157.0,0.0,0.0
-157.35,1.85,2.0
-157.531,21.1098,0.0
-157.972,21.355,0.0
-16.5775,13.4531,0.0
-17.6339,14.7367,-5.0
-171.733,-13.8333,0.0
-172.0,-9.0,-5.0
-176.533,-43.95,0.0
-2.0,55.25,0.0
-2.08333,51.9,-8.0
-2.08333,54.1833,-1.0
-2.09396,5.4314,2.0
-2.1,51.585,0.0
-2.12585,49.1961,0.0
-2.21667,55.8,-3.0
-2.23333,53.4833,0.0
-2.25,51.8333,0.0
-2.33778,51.5797,3.0
-2.58333,51.45,0.0
-2.63333,50.95,-1.0
-2.73333,53.45,0.0
-2.7625,51.4303,2.0
-2.91667,50.9333,2.0
-2.98333,51.2167,-2.0
-2.99528,51.2417,1.0
-3.0,53.05,10.0
-3.00056,51.1297,2.0
-3.01667,52.45,1.0
-3.03333,53.1833,-2.0
-3.06667,56.2833,-5.0
-3.06667,59.1,-1.0
-3.15,56.5833,9.0
-3.2,55.95,0.0
-3.4,56.35,5.0
-3.5,50.45,1.0
-3.56942,55.8891,5.0
-3.58333,56.5667,-2.0
-3.83333,56.3667,-5.0
-3.91667,55.8667,1.0
-37.55,-7.58333,2.0
-4.0,54.0,3.0
-4.05,55.9667,4.0
-4.14444,50.5456,3.0
-4.15667,51.6761,2.0
-4.18333,55.8167,-3.0
-4.31667,55.9333,-3.0
-4.33333,55.75,5.0
-4.4,55.9,-1.0
-4.46389,50.4528,-2.0
-4.5,57.2333,1.0
-4.95,55.95,3.0
-40.0,72.0,-8.0
-42.6,-22.8667,0.0
-43.2333,-22.9,0.0
-5.0,32.0,0.0
-5.06667,55.8333,1.0
-5.07611,50.1483,2.0
-5.28333,53.7833,0.0
-5.41667,56.0333,-6.0
-5.86667,54.7,4.0
-5.93333,54.5833,-2.0
-54.0,47.3,0.0
-55.0,-10.0,0.0
-55.8333,51.0333,0.0
-59.5333,13.1667,0.0
-59.7833,45.95,1.0
-6.04944,52.975,-2.0
-6.20222,53.4108,-2.0
-6.36667,58.2167,0.0
-6.43889,53.3592,-2.0
-6.66667,54.35,-3.0
-60.25,46.2,-1.0
-61.1333,13.8833,2.0
-61.5477,10.2279,-2.0
-61.6667,12.1167,1.0
-61.75,12.05,0.0
-62.6333,45.5833,-1.0
-63.2833,45.25,1.0
-63.5,46.3333,0.0
-64.35,45.8833,0.0
-66.1667,43.8,1.0
-69.6434,43.849,-5.0
-7.10528,53.4925,-1.0
-7.15278,53.0156,4.0
-7.3,53.0322,0.0
-7.32,53.1136,3.0
-7.4,53.0,1.0
-7.61,33.59,0.0
-70.6691,-37.1795,0.0
-70.9667,-30.1667,0.0
-71.0644,42.3503,0.0
-71.1048,42.334,0.0
-71.4584,41.703,-2.0
-72.0,47.5,0.0
-73.4085,41.577,2.0
-73.4333,46.0333,-1.0
-73.4665,40.8587,0.0
-73.5829,40.7507,4.0
-73.8727,40.7761,0.0
-73.9613,40.809,0.0
-73.986,40.757,1.0
-73.9997,40.7258,0.0
-74.0065,40.2781,1.0
-74.7435,39.2712,2.0
-74.7779,41.7506,1.0
-75.1638,39.9523,-1.0
-75.2213,40.0496,1.0
-75.3749,40.0004,-10.0
-75.7163,39.4496,-2.0
-75.8069,41.7512,0.0
-75.9746,43.4406,2.0
-76.3036,36.9135,0.0
-76.4389,40.0548,-5.0
-76.6962,17.9434,1.0
-76.7902,39.0724,-2.0
-77.0178,38.8773,0.0
-77.0262,38.8964,-2.0
-77.0364,38.8951,0.0
-77.8042,39.4301,0.0
-77.8997,41.2503,6.0
-77.9256,38.6637,0.0
-77.9973,35.3814,-14.0
-78.2057,37.768,0.0
-78.8256,35.8235,7.0
-78.8664,35.0502,-1.0
-78.94,36.0015,7.0
-78.9584,39.7412,-3.0
-79.0486,35.9101,-1.0
-79.1164,36.0668,-13.0
-79.4378,36.0957,-3.0
-79.9,-2.16667,0.0
-8.0,39.5,0.0
-8.0,53.0,0.0
-8.19667,52.8619,1.0
-8.26806,52.2658,0.0
-80.0,21.5,0.0
-80.0,9.0,-1.0
-80.2098,25.7768,-3.0
-80.2237,25.9095,0.0
-80.2787,25.7195,4.0
-80.4473,25.0865,4.0
-80.5001,41.7503,-7.0
-80.59,28.1761,-2.0
-80.6076,28.32,-3.0
-80.626,28.1321,4.0
-80.634,40.3698,0.0
-80.7253,28.3508,-3.0
-80.7492,28.292,-2.0
-80.7898,41.8651,1.0
-80.9956,29.1383,-4.0
-81.0833,43.5,3.0
-81.2637,28.9005,-6.0
-81.5693,41.5584,-2.0
-81.5995,29.6997,1.0
-81.6315,30.3569,-4.0
-81.6333,44.1667,2.0
-81.6711,28.751,-2.0
-81.6954,41.4995,-1.0
-81.6998,35.7668,-2.0
-82.2165,31.3502,-6.0
-82.2332,39.7334,0.0
-82.2499,38.4334,-2.0
-82.354,31.2136,-3.0
-82.3642,23.1319,2.0
-82.4,42.9667,3.0
-82.4333,52.9167,-2.0
-82.45,42.3167,-1.0
-82.4584,27.9475,0.0
-82.5407,40.4812,2.0
-82.7755,40.3736,-2.0
-82.9499,42.7,-4.0
-82.9591,42.7009,-3.0
-83.9366,40.9087,2.0
-83.9499,34.8162,2.0
-84.0,10.0,3.0
-84.1916,39.7589,0.0
-84.3833,42.6,-1.0
-84.4166,42.2506,3.0
-84.4236,39.7453,2.0
-84.4472,39.0751,-4.0
-84.5603,43.3504,0.0
-84.5666,39.4501,-7.0
-84.9666,38.0006,0.0
-85.404,44.7736,0.0
-85.6816,40.1937,3.0
-86.0,50.0,-3.0
-86.158,39.7684,-1.0
-86.2484,43.2342,-16.0
-86.2604,39.8647,0.0
-86.3022,12.7485,3.0
-86.35,35.2834,0.0
-86.5264,39.1662,-1.0
-86.7439,41.7939,0.0
-86.7489,35.7449,-2.0
-86.7844,36.1659,0.0
-86.8073,32.799,-1.0
-87.1667,66.7833,0.0
-87.3691,30.9691,-1.0
-87.6501,41.85,0.0
-87.8001,44.0667,-2.0
-88.1833,17.4833,0.0
-88.6,37.0834,1.0
-88.65,36.7334,-7.0
-88.7001,37.0501,-4.0
-89.0022,40.3363,-1.0
-9.0,53.6667,0.0
-9.05004,53.2877,0.0
-9.71667,52.2667,-4.0
-90.4973,36.0584,-1.0
-90.7047,13.9358,1.0
-91.75,16.5,-6.0
-91.7982,46.1724,-10.0
-92.8002,42.4,-10.0
-93.25,49.7,2.0
-93.7321,32.516,0.0
-93.9196,45.7326,-1.0
-94.0197,43.7677,4.0
-94.3614,41.0586,-5.0
-94.6822,39.195,0.0
-94.7044,32.6907,-20.0
-94.8441,32.641,1.0
-95.1491,31.7977,-4.0
-95.3633,29.7633,0.0
-95.3836,32.7835,3.0
-95.6011,33.1384,5.0
-95.7669,39.05,-4.0
-96.4003,42.5,0.0
-96.9172,32.8457,-2.0
-96.9247,35.5376,-1.0
-96.9503,28.7836,-12.0
-96.9815,28.8149,1.0
-97.0077,28.7973,-12.0
-97.3153,30.1105,-8.0
-97.3706,27.7196,-9.0
-97.3883,28.6683,-2.0
-97.6364,27.3006,0.0
-97.6475,31.106,0.0
-97.8003,30.3335,-5.0
-98.0032,46.9233,-1.0
-98.3,49.9667,0.0
-99.1273,30.0391,-2.0
-99.1386,19.4342,3.0
-99.4632,44.2853,-5.0
-99.8206,24.4458,0.0
0.183333,53.2833,-1.0
0.2,51.5833,1.0
0.416667,52.25,2.0
0.466667,51.5667,2.0
0.483333,51.7333,0.0
0.5,7.0,2.0
0.516667,51.3833,-2.0
0.583333,51.8333,-1.0
1.08333,49.4333,-4.0
1.3,51.1333,-6.0
1.40778,18.4411,-6.0
1.43889,51.3917,0.0
10.0,56.0,0.0
10.0,62.0,0.0
10.5808,35.7292,-3.0
10.75,59.9167,-3.0
10.8667,47.6833,-4.0
10.9667,11.4833,-4.0
101.162,36.5372,2.0
101.617,3.0,-5.0
101.843,2.9516,0.0
102.498,24.3177,-3.0
102.6,17.9667,0.0
103.462,3.5321,0.0
104.067,30.6667,3.0
104.407,31.0638,-1.0
104.917,11.55,-1.0
105.0,18.0,-1.0
105.063,13.5943,-2.0
105.667,-10.5,0.0
105.85,21.0333,0.0
106.002,31.2701,-1.0
106.345,9.93472,0.0
106.657,10.8197,0.0
106.667,10.75,-2.0
107.0,11.0,-1.0
107.067,10.35,3.0
107.501,31.2159,-10.0
107.983,16.25,3.0
108.336,34.3206,0.0
108.383,15.85,0.0
108.949,-7.75111,-5.0
109.0,36.0,-1.0
11.5833,48.15,-3.0
11.5833,57.8833,1.0
11.9667,57.7167,0.0
110.209,25.3233,-5.0
110.644,21.6335,-1.0
110.849,22.8361,-5.0
112.0,44.0,4.0
113.536,-25.9247,1.0
113.738,-28.43,1.0
114.125,-21.9402,1.0
114.133,22.2833,-2.0
114.712,23.1321,0.0
114.8,-27.7585,-2.0
114.8,-28.95,-3.0
114.933,-21.6667,-1.0
115.0,-32.0,3.0
115.023,-33.9194,-4.0
115.064,-33.8746,-3.0
115.074,-33.9536,1.0
115.09,23.8645,-1.0
115.101,-21.6367,-10.0
115.107,-33.6185,1.0
115.133,-34.3667,-2.0
115.167,-8.69,-4.0
115.168,-34.3478,0.0
115.364,-29.6685,1.0
115.367,-33.8,-1.0
115.512,-32.0053,4.0
115.586,-33.663,0.0
115.602,-31.021,5.0
115.605,-31.5047,-5.0
115.632,-31.5468,1.0
115.654,-27.3687,3.0
115.674,-33.3078,4.0
115.678,-31.6861,0.0
115.685,-32.9618,0.0
115.704,-31.6996,-3.0
115.715,-33.2792,-4.0
115.722,-32.5269,-1.0
115.75,-32.0333,-1.0
115.75,-32.0,-1.0
115.754,-31.9381,5.0
115.765,-33.9787,0.0
115.767,-32.1167,-1.0
115.783,-31.9667,-5.0
115.788,-33.3093,0.0
115.797,-31.9583,-2.0
115.8,-31.95,-3.0
115.808,-31.9833,-4.0
115.812,-31.965,-8.0
115.817,-33.2569,-1.0
115.82,-32.1336,2.0
115.833,-31.9333,-1.0
115.835,-21.1331,0.0
115.837,-33.2556,0.0
115.855,-31.9458,0.0
115.882,-31.9597,-1.0
115.883,-31.9333,-4.0
115.902,-33.5513,1.0
115.919,-33.5985,0.0
115.92,-33.5227,0.0
115.939,-33.6335,2.0
115.95,-32.15,-8.0
115.967,-31.9,-2.0
115.967,-32.4333,1.0
115.995,39.5225,0.0
116.0,-31.4167,0.0
116.0,-32.0833,0.0
116.005,-33.3363,4.0
116.017,-32.1167,-2.0
116.056,-31.9564,-1.0
116.072,5.9749,2.0
116.1,-34.8333,0.0
116.132,-31.2871,-1.0
116.168,-31.9021,-6.0
116.17,-29.7446,0.0
116.243,23.6142,0.0
116.283,-32.9333,-6.0
116.367,-29.65,3.0
116.374,-8.8328,2.0
116.388,39.9289,0.0
116.467,-31.5833,1.0
116.521,-33.5246,6.0
116.585,-33.4535,-2.0
116.606,-31.5443,-4.0
116.625,-20.6139,1.0
116.646,-32.7813,-1.0
116.666,-31.3257,-1.0
116.667,-31.75,0.0
116.685,-31.6613,-2.0
116.692,26.9512,0.0
116.696,-20.6567,1.0
116.738,-31.6988,3.0
116.852,-31.3963,-3.0
116.967,-31.9333,2.0
117.133,-28.8833,0.0
117.146,-20.7723,0.0
117.167,-29.6879,2.0
117.177,39.1422,1.0
117.503,-32.7816,2.0
117.583,-35.05,0.0
117.767,15.1333,-1.0
117.89,-26.3759,0.0
117.917,-34.6833,0.0
117.92,-35.0431,-1.0
117.984,25.7031,-1.0
118.009,-33.937,3.0
118.35,-30.5333,1.0
118.417,-31.5833,2.0
118.517,-20.3,3.0
118.533,-28.3667,-1.0
118.633,-26.9333,2.0
118.69,27.715,-1.0
118.796,-25.5098,0.0
118.867,-31.3667,-4.0
118.9,-28.0167,2.0
118.905,-21.0559,2.0
119.223,-25.6901,0.0
119.267,-21.05,4.0
119.404,-22.6328,0.0
119.522,-27.1868,1.0
119.579,-20.1073,2.0
12.0,6.0,3.0
12.15,48.5333,2.0
12.4833,41.9,0.0
12.5833,55.6667,1.0
12.6167,43.0667,2.0
12.6216,56.0388,0.0
12.7,56.9,5.0
12.7667,48.65,-3.0
12.8333,42.8333,0.0
120.0,-9.0,1.0
120.048,-33.5632,2.0
120.1,-21.8833,1.0
120.169,30.2553,1.0
120.18,32.9274,-3.0
120.206,-20.6745,1.0
120.441,-10.1066,-11.0
120.466,-26.9409,3.0
120.641,-26.3484,-1.0
120.672,16.3194,1.0
120.78,16.17,-1.0
120.97,36.4214,-2.0
120.982,14.6042,0.0
121.0,14.5833,2.0
121.1,-31.1792,-3.0
121.181,31.28,1.0
121.202,-31.0293,0.0
121.233,-30.7,4.0
121.275,25.0327,-5.0
121.329,-28.9106,5.0
121.333,-30.4833,0.0
121.4,-21.95,0.0
121.434,-29.3684,-1.0
121.532,25.0478,0.0
121.6,-30.6,1.0
121.671,-31.2017,1.0
121.791,-31.3662,0.0
121.817,-28.9167,3.0
121.867,-32.0167,1.0
121.933,-18.75,2.0
122.0,13.0,0.0
122.072,6.91025,2.0
122.365,11.7086,2.0
122.406,-30.197,1.0
122.493,-28.8001,-2.0
122.65,-28.7833,1.0
123.569,-31.2715,3.0
123.583,-10.1667,2.0
124.441,12.615,1.0
125.0,-21.5,0.0
125.017,-15.35,4.0
125.648,7.19361,2.0
126.25,-16.55,0.0
126.25,-17.15,1.0
126.781,36.9708,-1.0
127.0,37.5664,0.0
127.429,46.0163,0.0
127.783,-19.3667,0.0
127.801,26.3358,1.0
128.211,-17.0294,0.0
128.4,-16.7192,1.0
128.744,-15.7781,-2.0
129.017,-22.25,1.0
129.65,-15.1667,-2.0
129.717,-19.9833,1.0
130.4,33.5833,1.0
130.639,-18.337,3.0
130.712,-13.7654,0.0
130.817,-12.45,1.0
130.834,-17.4476,0.0
130.845,-12.4652,-2.0
130.85,-12.4699,0.0
130.907,-12.4898,0.0
130.917,33.95,0.0
130.949,-15.5526,1.0
130.95,-12.5333,0.0
130.966,-12.4707,-1.0
130.972,-12.4874,-4.0
131.044,-12.4958,2.0
131.261,-12.6306,-4.0
131.317,-12.65,0.0
131.377,-15.8792,2.0
131.567,-13.5333,3.0
131.802,-13.8189,1.0
132.133,-11.3,1.0
132.183,34.15,2.0
132.259,-13.9906,3.0
132.4,-24.45,-1.0
133.2,-15.5833,0.0
133.679,-32.1216,-1.0
134.8,-27.1333,-3.0
135.017,-27.4833,-1.0
135.133,-11.7167,-1.0
135.333,33.75,-3.0
135.464,-33.0501,3.0
135.5,34.6667,0.0
135.532,-17.9768,-1.0
135.55,-34.35,0.0
135.56,-22.809,1.0
135.667,-14.75,2.0
135.722,-34.2641,3.0
135.738,-14.2796,1.0
135.75,-34.0333,0.0
135.75,-34.3333,3.0
136.017,-30.9833,2.0
136.105,-34.9433,0.0
136.137,-34.3679,1.0
136.16,-34.3393,0.0
136.307,-16.0708,-2.0
136.497,-33.7,-2.0
136.783,-28.1333,1.0
136.817,-12.3333,-2.0
136.887,-35.2196,0.0
136.894,-12.251,0.0
136.894,-30.5552,-1.0
136.917,-34.5,0.0
137.151,-32.733,0.0
137.167,-33.0333,0.0
137.333,-32.2667,1.0
137.565,-33.0327,0.0
138.0,36.0,0.0
138.017,-33.1918,1.0
138.042,-32.3468,0.0
138.117,-35.85,-1.0
138.133,-33.7167,-3.0
138.2,-30.9742,0.0
138.233,-33.5333,1.0
138.3,-29.3167,2.0
138.333,-31.75,-1.0
138.45,-35.5,-6.0
138.469,-35.1339,0.0
138.483,-35.2833,1.0
138.508,-34.971,1.0
138.509,-34.9382,0.0
138.514,-34.5933,7.0
138.517,-35.1333,-2.0
138.533,-34.895,3.0
138.567,-31.2667,0.0
138.567,-33.75,0.0
138.572,-35.0284,0.0
138.582,-34.9625,-7.0
138.583,-35.2667,4.0
138.592,-35.0217,-2.0
138.6,-34.9,0.0
138.62,-34.8088,0.0
138.64,-34.9024,-1.0
138.65,-33.6833,0.0
138.656,-35.0095,6.0
138.663,-34.7777,0.0
138.667,-34.8833,-8.0
138.7,-35.0,-3.0
138.733,-34.7833,0.0
138.733,-35.0167,0.0
138.75,-31.4167,-2.0
138.75,-35.0,0.0
138.817,-35.4,1.0
138.9,-33.9,-1.0
138.9,-34.8,-8.0
138.933,-19.5,-4.0
138.933,-35.4,-6.0
139.033,-35.3,1.0
139.049,-34.7749,0.0
139.1,-34.65,1.0
139.158,-35.4343,0.0
139.303,-34.9153,4.0
139.333,-34.4,0.0
139.4,-16.5503,7.0
139.455,-35.2523,1.0
139.479,-35.9569,1.0
139.55,-32.5333,1.0
139.598,-34.5666,0.0
139.633,-36.15,0.0
139.677,35.8955,-4.0
139.733,-21.5667,2.0
139.751,35.685,-1.0
139.805,-16.4917,0.0
139.858,-35.6942,6.0
139.909,-22.9114,1.0
139.983,-20.0,1.0
14.1217,13.3285,-11.0
14.25,36.0494,0.0
14.3159,10.5909,-7.0
14.4667,50.0833,0.0
14.5833,35.8333,0.0
14.9596,50.8713,-4.0
140.033,-19.3667,0.0
140.135,-37.589,0.0
140.217,-34.8167,-1.0
140.383,-20.2,-2.0
140.483,-36.6,0.0
140.517,-36.8333,1.0
140.6,-36.9667,0.0
140.65,-18.5333,2.0
140.683,-37.7667,-1.0
140.737,41.7758,0.0
140.77,43.2039,2.0
140.779,-37.8318,0.0
140.838,-17.4888,0.0
140.9,-36.3667,0.0
141.183,-35.2625,-3.0
141.567,-37.9333,0.0
141.717,-13.2333,1.0
141.75,-13.3167,-1.0
141.767,-16.4333,3.0
141.833,-37.6667,-1.0
141.85,-36.2167,-4.0
141.879,-12.6235,1.0
142.0,-37.7667,0.0
142.066,-34.168,0.0
142.175,46.4858,-1.0
142.179,-10.5631,-1.0
142.2,-36.7113,0.0
142.228,-38.3852,0.0
142.467,-10.7167,0.0
142.467,-36.6201,0.0
142.488,-38.3818,0.0
142.633,-32.2833,0.0
142.683,-36.9,2.0
142.7,-37.0667,0.0
142.781,-37.0563,2.0
142.85,-37.15,-1.0
142.917,-35.9838,1.0
142.917,-38.4,0.0
142.967,-13.1,1.0
143.075,-38.3286,0.0
143.15,-34.7,4.0
143.167,-37.3667,-3.0
143.283,-19.7833,0.0
143.3,-12.05,1.0
143.338,-37.9527,0.0
143.35,-34.1667,0.0
143.467,-37.0667,3.0
143.467,-37.4333,0.0
143.5,-37.5833,-2.0
143.5,-38.35,-5.0
143.56,-35.3386,2.0
143.65,-37.3667,0.0
143.767,-20.3833,-2.0
143.8,-37.4333,-1.0
143.833,-37.55,-2.0
143.859,-37.5607,6.0
143.863,-37.5627,0.0
143.883,-18.7833,0.0
143.883,-38.6333,-1.0
143.884,-37.6502,-10.0
144.083,-24.8833,-4.0
144.083,-37.3667,4.0
144.083,-37.4333,0.0
144.1,-37.7833,0.0
144.15,-35.7333,-1.0
144.25,-36.7333,0.0
144.25,-37.3,-1.0
144.267,-16.9833,0.0
144.269,-26.6135,0.0
144.28,-36.7582,0.0
144.283,-38.2167,-2.0
144.3,-38.0833,2.0
144.317,-37.4167,7.0
144.333,-38.0667,-4.0
144.35,-36.8333,-4.0
144.354,-38.1014,-11.0
144.433,-38.1833,2.0
144.437,-37.6757,-5.0
144.5,-38.2333,-4.0
144.584,-37.4005,2.0
144.594,-37.4886,0.0
144.6,-38.2833,1.0
144.667,-37.8667,0.0
144.683,-40.6833,-3.0
144.719,-37.626,0.0
144.743,-37.3507,-1.0
144.75,-36.25,-1.0
144.867,-15.3833,0.0
144.867,-37.7,-2.0
144.917,-37.8167,-2.0
144.933,-37.7333,0.0
144.95,-37.6,-4.0
144.967,-37.8167,-1.0
145.0,-20.1667,1.0
145.0,-37.7833,-1.0
145.0,-37.85,-1.0
145.0,-37.8667,-3.0
145.017,-37.6833,0.0
145.017,-37.9167,-5.0
145.033,-15.3833,-3.0
145.033,-37.75,-5.0
145.039,-37.9517,-7.0
145.048,-37.2028,5.0
145.05,-36.3134,-4.0
145.067,-37.8333,-1.0
145.067,-37.9,0.0
145.067,-37.9833,-2.0
145.083,-37.9,-6.0
145.083,-38.1833,2.0
145.096,13.2613,1.0
145.1,-37.4667,0.0
145.117,-30.5333,-10.0
145.117,-37.7667,-3.0
145.117,-37.9,2.0
145.117,-37.9833,-1.0
145.117,-38.0333,0.0
145.133,-37.8167,-1.0
145.167,-37.95,0.0
145.167,-37.9667,-1.0
145.172,-38.0997,-1.0
145.2,-37.9833,-2.0
145.217,-17.1333,0.0
145.217,-37.85,-7.0
145.217,-37.8833,-11.0
145.233,-37.9333,-3.0
145.239,-38.4523,5.0
145.267,-37.85,-2.0
145.283,-15.7833,1.0
145.283,-37.8667,-7.0
145.317,-16.25,0.0
145.317,-40.85,-1.0
145.35,-35.5833,1.0
145.35,-36.4,0.0
145.35,-37.6667,-3.0
145.35,-37.75,-2.0
145.367,-30.2833,1.0
145.367,-37.8667,-1.0
145.375,-16.1632,1.0
145.378,-37.7249,0.0
145.399,-36.3805,0.0
145.417,-17.15,1.0
145.417,-38.15,0.0
145.433,-34.4167,6.0
145.467,-37.2333,7.0
145.483,-37.8833,4.0
145.487,-17.6164,0.0
145.517,-37.7,8.0
145.54,-41.85,1.0
145.583,-36.1667,1.0
145.583,-42.9333,-2.0
145.638,-16.8198,-4.0
145.696,-35.906,0.0
145.7,-16.8833,-1.0
145.715,-36.6361,5.0
145.717,-26.8667,-9.0
145.726,-40.9897,-1.0
145.78,-17.0996,0.0
145.783,-41.2667,-1.0
145.867,-38.2667,0.0
145.94,-41.68,-3.0
145.96,-41.66,-5.0
146.0,-36.0192,0.0
146.0,-38.8667,0.0
146.033,-17.6333,-6.0
146.041,-17.5812,1.0
146.041,-34.331,-1.0
146.051,-34.2652,2.0
146.06,-43.34,2.0
146.088,-37.052,-3.0
146.12,-42.52,0.0
146.163,-35.5576,2.0
146.167,-36.4167,0.0
146.2,-38.55,0.0
146.24,-41.89,0.0
146.321,-36.3585,0.0
146.35,-20.15,1.0
146.36,-41.89,1.0
146.395,-38.2348,0.0
146.412,-34.5983,5.0
146.44,-37.9329,0.0
146.45,-41.1833,0.0
146.483,-42.1,-1.0
146.551,-34.7475,4.0
146.567,-38.1167,-1.0
146.567,-41.45,6.0
146.587,-38.6932,1.0
146.608,-36.1504,0.0
146.617,-38.1833,-1.0
146.633,-36.3167,1.0
146.667,-36.1,0.0
146.686,-36.3583,-2.0
146.717,-42.6167,1.0
146.724,-36.561,4.0
146.783,-36.2833,-1.0
146.846,-37.5079,-2.0
146.867,-41.1167,3.0
146.888,-36.1218,0.0
146.889,-35.9547,1.0
146.901,-36.0818,-6.0
146.911,-35.7568,0.0
146.922,-19.2182,2.0
146.937,-2.0729,-4.0
147.0,-6.0,0.0
147.015,-43.3142,-3.0
147.031,-41.3417,2.0
147.1,-22.2833,-4.0
147.1,-41.41,0.0
147.117,-43.2667,-2.0
147.131,-41.3917,1.0
147.135,-41.4388,-3.0
147.14,-41.44,6.0
147.144,-37.416,0.0
147.145,-33.0881,-1.0
147.174,-37.4365,0.0
147.175,-36.7363,4.0
147.193,-9.46472,-1.0
147.205,-33.9237,1.0
147.217,-35.0667,5.0
147.247,-41.571,-5.0
147.25,-33.9333,-8.0
147.25,-42.7833,-4.0
147.3,-43.1,0.0
147.333,-42.95,-1.0
147.34,-42.88,0.0
147.353,-37.6479,-2.0
147.361,-38.2438,0.0
147.367,-35.1167,-1.0
147.39,-42.87,-2.0
147.392,-41.0005,0.0
147.412,-19.6592,0.0
147.5,-19.65,0.0
147.5,-36.15,-3.0
147.506,-42.8607,0.0
147.533,-41.5333,0.0
147.572,-38.0887,-2.0
147.6,-37.2167,0.0
147.683,-42.8667,0.0
147.719,-37.9189,-5.0
147.82,-43.05,-1.0
147.833,-20.6167,2.0
147.833,-37.9167,-1.0
147.835,-37.7082,-4.0
147.84,-43.15,1.0
147.85,-43.15,-2.0
147.883,-41.4833,5.0
147.9,-40.1833,0.0
147.95,-35.8,0.0
147.958,-42.3225,-3.0
147.97,-40.18,-6.0
147.97,-42.52,0.0
147.979,-29.4274,0.0
148.0,-43.13,0.0
148.001,-33.3485,4.0
148.017,-40.3833,3.0
148.052,-36.3288,2.0
148.067,-19.8833,-1.0
148.08,-42.65,3.0
148.083,-35.6167,4.0
148.088,-24.1148,2.0
148.116,-30.0246,0.0
148.15,-21.55,0.0
148.233,-22.8833,-3.0
148.264,-41.4541,-2.0
148.267,-37.5167,-2.0
148.283,-20.1167,-1.0
148.384,-35.9357,-4.0
148.433,-26.05,2.0
148.483,-25.5833,1.0
148.483,-40.4333,0.0
148.533,-23.5667,-1.0
148.533,-24.55,0.0
148.605,-32.243,0.0
148.625,-36.4162,-1.0
148.683,-21.6833,3.0
148.716,-21.9365,4.0
148.747,-20.2536,0.0
148.75,-21.1667,0.0
148.8,-34.15,-1.0
148.833,-35.65,1.0
148.9,-22.1833,-3.0
148.91,-34.8404,0.0
148.917,-29.8,0.0
148.931,-35.3176,0.0
148.933,-20.9,-2.0
148.933,-35.4333,0.0
148.95,-35.2,0.0
148.952,-20.346,0.0
148.967,-21.6333,0.0
148.983,-30.6167,0.0
149.0,-35.5,-1.0
149.03,-34.972,-2.0
149.067,-35.3,-1.0
149.069,-30.9487,0.0
149.101,-33.2818,-3.0
149.13,-35.2769,0.0
149.133,-25.2833,4.0
149.133,-33.6,-2.0
149.145,-21.1177,0.0
149.15,-21.3667,-5.0
149.155,-35.3475,0.0
149.167,-35.3833,1.0
149.176,-21.0377,0.0
149.183,-21.1167,0.0
149.19,-21.0547,0.0
149.2,-21.15,1.0
149.217,-35.3833,1.0
149.218,-35.3485,-3.0
149.233,-21.55,0.0
149.233,-28.1,-1.0
149.235,-35.3652,-1.0
149.25,-21.6167,0.0
149.283,-35.2833,5.0
149.333,-23.65,-1.0
149.35,-32.2667,-4.0
149.417,-33.0333,3.0
149.44,-35.2565,-1.0
149.442,-20.9217,-1.0
149.445,-35.5911,-1.0
149.471,-34.4593,-1.0
149.551,-33.4318,0.0
149.583,-33.2833,0.0
149.599,-21.9574,-4.0
149.714,-37.4285,-1.0
149.85,-35.0167,1.0
149.9,-33.3833,2.0
149.9,-36.1167,-4.0
149.951,-35.5485,-1.0
149.968,-32.8577,4.0
149.969,-32.7995,4.0
15.2847,-4.25917,1.0
15.315,-4.32972,1.0
15.6722,45.4386,-5.0
150.01,-34.7084,1.0
150.017,-33.3833,0.0
150.064,-36.419,0.0
150.081,-35.9125,1.0
150.117,-32.3333,0.0
150.117,-33.4333,0.0
150.132,-36.1695,-3.0
150.2,-30.65,-1.0
150.227,-36.2518,-2.0
150.317,-34.5833,-5.0
150.318,-33.7152,0.0
150.356,-32.1392,0.0
150.389,-35.5078,-2.0
150.4,-23.4667,0.0
150.4,-34.3833,0.0
150.42,-34.4775,0.0
150.446,-34.45,2.0
150.45,-23.1667,-3.0
150.457,-23.4379,0.0
150.467,-24.3167,0.0
150.472,-35.3591,-4.0
150.5,-24.4167,-1.0
150.5,-31.5,0.0
150.5,-35.1,-2.0
150.506,-23.3803,0.0
150.533,-34.6833,-3.0
150.568,-34.2046,0.0
150.574,-24.4863,-1.0
150.575,-29.5435,1.0
150.575,-34.3196,2.0
150.583,-31.7167,1.0
150.596,-35.1574,-2.0
150.633,-30.95,-3.0
150.651,-31.3485,1.0
150.666,-34.0539,-6.0
150.667,-33.75,-15.0
150.679,-34.0159,1.0
150.7,-33.75,-2.0
150.701,-33.7652,0.0
150.701,-35.0152,0.0
150.717,-34.8167,3.0
150.718,-33.7485,0.0
150.72,-30.7475,-3.0
150.744,-23.1268,0.0
150.75,-34.0167,-1.0
150.761,-23.1409,2.0
150.768,-22.932,-1.0
150.785,-33.6152,0.0
150.791,-23.3257,1.0
150.801,-33.5068,-1.0
150.817,-33.7667,0.0
150.817,-34.0667,-1.0
150.817,-34.4333,-1.0
150.818,-34.0652,-2.0
150.828,-34.747,0.0
150.83,-29.654,0.0
150.837,-33.692,0.0
150.85,-33.9167,-9.0
150.85,-34.45,-9.0
150.852,-34.6683,1.0
150.867,-23.5833,-3.0
150.867,-31.9833,-2.0
150.867,-33.6833,-5.0
150.867,-33.7667,3.0
150.869,-32.0501,0.0
150.883,-33.7333,-9.0
150.885,-33.9652,6.0
150.893,-33.7496,0.0
150.915,-33.9157,1.0
150.917,-33.6013,-5.0
150.917,-34.3333,4.0
150.918,-33.8485,-3.0
150.925,-33.7041,0.0
150.929,-31.0905,-8.0
150.95,-33.9,-2.0
150.951,-33.8985,-10.0
150.961,-23.1761,-2.0
150.967,-33.8167,0.0
150.967,-33.8833,-7.0
150.983,-33.7833,-3.0
150.993,-33.7985,4.0
151.0,-33.7,-5.0
151.0,-33.75,-3.0
151.005,-33.6553,0.0
151.01,-33.8318,-4.0
151.01,-33.9485,0.0
151.017,-32.6667,-1.0
151.017,-34.0667,2.0
151.033,-33.9167,-3.0
151.035,-33.6485,3.0
151.083,-33.9167,-3.0
151.083,-34.0333,-5.0
151.1,-33.95,-3.0
151.101,-33.8818,0.0
151.101,-33.9652,4.0
151.112,-26.7841,1.0
151.117,-23.85,-1.0
151.117,-33.9833,0.0
151.118,-33.7235,-1.0
151.118,-33.8318,0.0
151.133,-32.4833,3.0
151.135,-33.8485,0.0
151.141,-33.8333,0.0
151.142,-33.9458,-2.0
151.15,-31.3,3.0
151.15,-33.6333,0.0
151.15,-33.9375,4.0
151.15,-34.0,9.0
151.167,-33.8167,-1.0
151.167,-33.8833,0.0
151.168,-33.8485,-1.0
151.168,-33.8902,0.0
151.176,-33.7443,3.0
151.183,-33.8167,-2.0
151.185,-33.8152,2.0
151.191,-33.8522,1.0
151.196,-27.5332,0.0
151.2,-33.6167,2.0
151.2,-33.8561,0.0
151.201,-33.7485,0.0
151.201,-33.8652,-3.0
151.201,-33.8985,0.0
151.207,-33.8406,0.0
151.21,-33.8471,-1.0
151.217,-33.8389,-5.0
151.217,-33.8833,0.0
151.217,-33.9667,0.0
151.232,-33.9921,2.0
151.235,-33.8985,0.0
151.235,-33.9402,0.0
151.242,-33.9167,0.0
151.243,-33.8735,0.0
151.25,-33.9667,0.0
151.267,-23.8333,0.0
151.271,-27.8791,1.0
151.283,-33.8667,-1.0
151.3,-33.6167,0.0
151.301,-33.6485,0.0
151.301,-33.7652,0.0
151.317,-24.4167,-1.0
151.317,-27.2,-1.0
151.318,-33.6318,-1.0
151.319,-32.8599,-3.0
151.33,-33.5106,-10.0
151.332,-33.5277,0.0
151.336,-33.616,0.0
151.35,-30.9667,0.0
151.36,-32.6568,1.0
151.383,-26.7833,1.0
151.383,-33.2333,-1.0
151.383,-33.5,-2.0
151.417,-33.3167,-3.0
151.425,-33.2827,-4.0
151.435,-33.4652,3.0
151.447,-33.4482,2.0
151.45,-33.25,0.0
151.501,-33.3652,3.0
151.554,-33.111,-1.0
151.564,-33.104,-4.0
151.567,-32.7167,0.0
151.567,-33.1333,0.0
151.583,-32.95,-5.0
151.583,-32.9,-6.0
151.583,-32.9833,-2.0
151.583,-33.0667,0.0
151.585,-32.6152,2.0
151.593,-30.9849,1.0
151.611,-25.6252,-2.0
151.617,-32.6833,-1.0
151.647,-33.1096,-1.0
151.668,-30.4985,5.0
151.669,-32.9263,4.0
151.683,-32.95,-1.0
151.7,-27.2167,-1.0
151.717,-27.6833,-1.0
151.75,-32.3333,1.0
151.75,-32.5,-2.0
151.767,-24.0333,-1.0
151.767,-32.9,0.0
151.817,-26.4167,0.0
151.817,-28.5667,-1.0
151.833,-26.9833,0.0
151.833,-28.8,-4.0
151.833,-31.8333,-8.0
151.837,-26.5399,0.0
151.85,-28.55,-4.0
151.85,-32.8167,-2.0
151.855,-27.6558,0.0
151.868,-31.7985,-5.0
151.883,-28.5333,-2.0
151.907,-24.2113,0.0
151.917,-27.4333,2.0
151.917,-28.5333,-2.0
151.933,-24.5,-7.0
151.934,-28.6572,0.0
151.954,-27.4634,1.0
151.954,-27.5606,0.0
151.96,-32.6539,0.0
152.002,-26.6716,-1.0
152.024,-27.5541,1.0
152.05,-27.4667,-2.0
152.052,-27.2599,0.0
152.067,-24.95,-5.0
152.074,-32.7172,0.0
152.083,-32.7,0.0
152.1,-24.95,-2.0
152.144,-32.7204,0.0
152.268,-31.6652,-2.0
152.348,-24.8662,0.0
152.367,-24.7833,0.0
152.4,-28.05,-1.0
152.413,-24.7647,0.0
152.463,-24.8148,0.0
152.499,-32.1744,5.0
152.533,-27.4167,0.0
152.576,-27.4655,0.0
152.583,-25.3333,-1.0
152.611,-31.8254,1.0
152.633,-31.8667,0.0
152.664,-27.6054,-3.0
152.67,-27.8111,0.0
152.681,-27.9984,-4.0
152.7,-27.6333,0.0
152.705,-25.5407,0.0
152.717,-26.7333,0.0
152.728,-26.5966,-2.0
152.8,-26.9833,-2.0
152.817,-25.25,0.0
152.817,-25.3,-2.0
152.833,-28.6333,0.0
152.833,-31.65,0.0
152.85,-27.6,-1.0
152.851,-30.65,-3.0
152.867,-27.5833,-3.0
152.868,-26.6243,0.0
152.883,-26.7,0.0
152.885,-31.4318,1.0
152.9,-25.3,-2.0
152.9,-27.4833,2.0
152.909,-31.4308,0.0
152.95,-26.5167,-1.0
152.961,-26.8588,0.0
152.969,-26.6605,1.0
152.983,-27.4833,2.0
152.983,-27.8667,0.0
152.983,-27.9333,0.0
153.0,-26.5,0.0
153.0,-27.4167,-5.0
153.0,-28.2333,2.0
153.009,-30.6432,1.0
153.017,-27.5,-1.0
153.017,-27.5333,-2.0
153.017,-27.5,-2.0
153.017,-27.55,1.0
153.017,-27.5,-3.0
153.026,-27.1935,-4.0
153.033,-27.45,-9.0
153.042,-27.4833,-3.0
153.043,-30.4649,0.0
153.05,-26.6333,0.0
153.05,-27.475,-1.0
153.051,-28.8652,0.0
153.067,-26.35,2.0
153.067,-27.4,0.0
153.083,-27.3667,0.0
153.083,-29.55,-1.0
153.091,-25.9044,-1.0
153.1,-26.6601,0.0
153.1,-27.6333,-1.0
153.104,-26.447,-4.0
153.104,-29.6636,0.0
153.107,-30.3593,0.0
153.11,-27.0873,-6.0
153.117,-27.4333,-4.0
153.119,-26.6816,0.0
153.122,-26.8212,-1.0
153.133,-26.6833,0.0
153.135,-29.5152,-10.0
153.14,-25.9006,0.0
153.15,-27.4,0.0
153.159,-27.0837,0.0
153.167,-25.2503,-1.0
153.167,-26.6833,-1.0
153.167,-28.7833,0.0
153.183,-25.9333,-1.0
153.183,-28.6833,1.0
153.197,-27.9718,-3.0
153.2,-27.4833,0.0
153.2,-27.7167,-4.0
153.201,-29.4485,-1.0
153.217,-27.4833,5.0
153.217,-27.7167,-6.0
153.223,-28.594,0.0
153.234,-27.3792,-1.0
153.242,-29.4258,0.0
153.267,-27.7833,-1.0
153.267,-28.2333,-2.0
153.268,-29.8616,0.0
153.268,-30.1985,3.0
153.283,-28.4333,0.0
153.283,-29.4167,-5.0
153.301,-28.4318,0.0
153.302,-27.61,-1.0
153.336,-29.6089,0.0
153.351,-28.6318,0.0
153.352,-29.4067,0.0
153.4,-28.6667,2.0
153.415,-28.8251,0.0
153.431,-29.1178,0.0
153.433,-28.0,-1.0
153.433,-28.3,2.0
153.445,-28.0676,3.0
153.453,-28.0881,4.0
153.5,-28.5524,0.0
153.517,-28.4167,-2.0
153.524,-28.6868,0.0
153.533,-28.1667,1.0
153.533,-28.5,-1.0
153.548,-28.5415,1.0
153.549,-27.4219,-2.0
153.55,-28.2,-2.0
153.55,-28.2667,1.0
153.55,-28.6333,3.0
153.583,-28.6833,0.0
153.608,-28.6883,0.0
153.612,-28.642,0.0
155.0,-20.0,-3.0
155.384,-6.24456,-5.0
16.0,45.8,3.0
16.3667,48.2,0.0
16.6333,56.8667,4.0
16.65,48.8833,0.0
160.954,-9.01748,-4.0
162.983,5.31667,2.0
168.717,-45.3667,-2.0
169.217,-45.0167,-2.0
169.833,-45.0333,-2.0
17.0,25.0,-5.0
17.8833,59.3333,3.0
170.183,-44.3333,1.0
170.967,-42.7167,-3.0
171.0,-43.0,0.0
171.667,-42.5,0.0
171.883,-42.0,4.0
172.55,-43.55,7.0
172.967,1.31667,2.0
174.05,-35.2167,1.0
174.35,-39.1333,1.0
174.667,-36.8,-1.0
174.75,-41.2833,1.0
174.776,-36.7917,3.0
174.783,-41.3,0.0
175.0,-40.9167,-1.0
175.117,-36.8167,3.0
175.333,-40.3333,-5.0
175.533,-36.5833,0.0
175.783,-38.05,-5.0
177.0,-37.9833,-3.0
177.417,-17.8,0.0
178.0,-8.0,1.0
178.004,-38.6533,0.0
178.1,-19.15,0.0
179.7,-18.0,0.0
18.0,51.0,0.0
18.05,59.3333,0.0
18.5,-12.5,-4.0
18.582,-33.5478,-7.0
18.6299,-33.9346,-4.0
19.0,15.0,-2.0
19.4072,43.1131,0.0
19.8189,41.3275,0.0
19.9568,49.2962,0.0
19.9648,54.4178,-4.0
2.13424,48.8036,2.0
2.18333,41.3833,0.0
2.69738,50.031,-2.0
2.92814,50.1912,-5.0
20.0,52.0,0.0
22.1861,40.5611,4.0
22.4333,37.0667,-1.0
22.6672,44.4689,1.0
23.7333,37.9833,0.0
24.9195,-34.0506,0.0
25.2971,-30.3098,3.0
25.843,-17.9235,-1.0
25.85,-17.9167,2.0
25.9119,-24.6464,0.0
26.0,64.0,0.0
26.25,39.1667,-3.0
26.3064,38.3228,-4.0
26.3574,40.1842,-2.0
26.4833,-18.3667,0.0
26.5,40.3333,-2.0
26.9167,60.5,0.0
26.9833,36.95,4.0
27.4509,-32.5295,0.0
27.5667,-25.5833,-3.0
28.0833,-26.2,-1.0
28.1,-32.9,-1.0
28.25,-26.0833,0.0
28.2742,36.855,-4.0
28.5667,-30.6167,3.0
28.7501,40.1045,-5.0
29.3005,-18.2495,-4.0
3.02073,48.9777,-7.0
3.52788,50.3571,-5.0
30.0,-2.0,-1.0
30.0167,-23.5,-4.0
30.0773,-31.1612,-1.0
30.5167,50.4333,-1.0
30.8277,-20.0637,-7.0
31.1036,-17.7567,0.0
31.1518,-19.6445,-1.0
31.2326,30.0433,1.0
31.4833,-21.15,2.0
31.5,-26.5,-1.0
32.0,49.0,0.0
32.054,-28.7754,0.0
32.3438,-85.6221,0.0
32.5656,0.315556,-3.0
32.6125,35.0083,4.0
32.6236,-20.1883,-10.0
32.8,36.1667,-2.0
32.8505,39.9213,0.0
32.8644,39.9272,-3.0
33.3667,35.1,1.0
33.6292,34.9167,1.0
33.7167,41.1,-6.0
34.0,-13.5,-2.0
34.3333,31.4167,-2.0
34.75,31.5,-3.0
35.0,31.75,-4.0
35.0,43.0,-1.0
35.039,48.463,-2.0
35.1109,31.5249,-4.0
35.119,31.5284,-12.0
36.6667,-8.71667,1.0
36.7404,33.8074,-1.0
37.0012,-0.393865,-5.0
37.115,36.7161,-4.0
37.1586,36.2028,-2.0
37.2667,-1.51667,-3.0
37.3833,27.0333,-4.0
38.0,1.0,-1.0
38.7755,45.1853,-3.0
39.0,15.0,-2.0
39.2192,21.5169,-4.0
39.2833,-6.8,3.0
39.8261,21.4267,-1.0
4.0889,43.5578,5.0
4.16667,8.03333,-9.0
4.31667,50.8,4.0
4.49802,45.3633,1.0
4.91667,52.35,-1.0
40.2859,33.0372,-4.0
40.7477,36.5024,-6.0
41.8937,39.3456,-2.0
43.0,11.5,0.0
43.7861,33.3558,-3.0
44.0,8.0,-2.0
44.2775,33.5294,-1.0
44.3939,33.3386,-2.0
44.4682,33.3491,-3.0
44.7908,41.725,0.0
47.0,-20.0,0.0
47.7458,30.5717,-4.0
48.0,15.0,-4.0
5.04772,44.0544,8.0
5.25035,52.1407,1.0
5.61944,49.25,-8.0
5.75,52.5,0.0
5.97077,4.57801,-5.0
51.25,25.5,-1.0
52.5388,29.6036,1.0
54.3913,24.4649,1.0
54.6528,32.4136,-4.0
55.2535,25.1689,0.0
55.28,25.2522,0.0
55.7167,-4.31667,0.0
56.7563,65.8386,0.0
57.0,21.0,1.0
6.0,4.83333,-4.0
6.1667,49.75,-1.0
60.643,25.2919,0.0
63.808,32.2193,-5.0
64.0,31.0,-2.0
65.0,33.0,-1.0
65.9325,36.2154,-5.0
67.0248,24.8482,-5.0
7.0,6.33333,0.0
7.42738,43.7393,2.0
70.0,-10.0,-2.0
72.35,30.2833,-6.0
72.5865,33.8128,-3.0
73.0,3.25,0.0
75.15,33.7333,1.0
75.8333,22.7167,-2.0
76.0,28.0,0.0
76.5,10.0,2.0
76.5731,35.8103,-2.0
76.5833,18.4,-4.0
76.95,43.25,-9.0
77.2167,28.6667,-1.0
78.0,11.0,0.0
78.9817,24.1492,3.0
79.8283,8.0362,-1.0
8.0,10.0,-2.0
8.0,16.0,-2.0
8.28333,45.4667,0.0
80.0,30.0,-6.0
80.0125,9.7299,-5.0
80.35,26.4667,-2.0
80.7225,7.2945,-1.0
82.5667,25.4167,-7.0
83.0,25.3333,0.0
83.3,17.7,0.0
84.4167,20.5,-3.0
85.3167,27.7167,-1.0
86.9245,27.9884,1.0
88.3103,22.5892,-5.0
88.5,24.9167,-2.0
88.5167,22.7167,-1.0
9.0,51.0,-1.0
9.21667,48.4833,-4.0
9.23333,45.15,0.0
9.3,8.7,-3.0
9.55694,3.92028,0.0
91.9027,21.7854,0.0
92.75,11.6667,-4.0
94.9167,20.15,-2.0
97.2947,5.0438,-3.0
97.5333,20.9833,4.0
98.8843,3.60397,-5.0
98.9212,18.8036,-1.0
99.0184,3.5292,3.0
